noisy_energy,ideal_energy,zne_energy,observable,param_0,param_1,param_2,param_3,param_4,param_5,param_6,param_7,param_8,param_9,param_10,param_11,RF_energy
0.9956182883941928,1.0090643209648456,1.0112351238445512,IIII,1.1386874933002735,-1.4297195854461622,0.0159896281611637,1.4098070564596883,1.4790210747403787,0.725159020913833,-2.5713591497717703,0.7279446928026161,-0.2149979698948945,0.498775041932209,0.9435492557494564,-0.8423938549901844,0.931788002723926
-0.0674429918164575,-0.1112728743818141,-0.114544945619086,IIZI,1.1386874933002735,-1.4297195854461622,0.0159896281611637,1.4098070564596883,1.4790210747403787,0.725159020913833,-2.5713591497717703,0.7279446928026161,-0.2149979698948945,0.498775041932209,0.9435492557494564,-0.8423938549901844,-0.06752358234127963
-0.0253918870740484,-0.0548208262258275,-0.0393042395867343,IIZZ,1.1386874933002735,-1.4297195854461622,0.0159896281611637,1.4098070564596883,1.4790210747403787,0.725159020913833,-2.5713591497717703,0.7279446928026161,-0.2149979698948945,0.498775041932209,0.9435492557494564,-0.8423938549901844,-0.024907321866566266
-0.0673733917930231,-0.1158086472538384,-0.1167017620395675,IZIZ,1.1386874933002735,-1.4297195854461622,0.0159896281611637,1.4098070564596883,1.4790210747403787,0.725159020913833,-2.5713591497717703,0.7279446928026161,-0.2149979698948945,0.498775041932209,0.9435492557494564,-0.8423938549901844,-0.06752358234127963
0.9212225249763693,0.91629752923164,0.9732196345877848,IIIZ,1.1386874933002735,-1.4297195854461622,0.0159896281611637,1.4098070564596883,1.4790210747403787,0.725159020913833,-2.5713591497717703,0.7279446928026161,-0.2149979698948945,0.498775041932209,0.9435492557494564,-0.8423938549901844,0.931788002723926
0.573496184617307,0.6208064851027463,0.6078309527050783,ZIIZ,1.1386874933002735,-1.4297195854461622,0.0159896281611637,1.4098070564596883,1.4790210747403787,0.725159020913833,-2.5713591497717703,0.7279446928026161,-0.2149979698948945,0.498775041932209,0.9435492557494564,-0.8423938549901844,0.6490389982838601
-0.0527309757146271,-0.0655893243400111,-0.064081142170838,IZII,1.1386874933002735,-1.4297195854461622,0.0159896281611637,1.4098070564596883,1.4790210747403787,0.725159020913833,-2.5713591497717703,0.7279446928026161,-0.2149979698948945,0.498775041932209,0.9435492557494564,-0.8423938549901844,-0.05500807699732361
0.6077826422038821,0.6484275193545906,0.6648154968104655,ZIII,1.1386874933002735,-1.4297195854461622,0.0159896281611637,1.4098070564596883,1.4790210747403787,0.725159020913833,-2.5713591497717703,0.7279446928026161,-0.2149979698948945,0.498775041932209,0.9435492557494564,-0.8423938549901844,0.6635735578784268
0.1576860849229047,0.1854158942386113,0.1677508760035017,YYYY,3.1211621644237635,0.4126550121391834,-1.0194382997833862,-1.0933004504498354,-0.2338715909713729,-0.5668611394886169,-2.908693810848689,-0.7997006503066975,-1.5808844694772046,-2.026380436118001,-0.4006487220676629,-3.130058201199219,0.17191222765838599
-0.1911146691200272,-0.2251287075713199,-0.1941644581002359,XXYY,3.1211621644237635,0.4126550121391834,-1.0194382997833862,-1.0933004504498354,-0.2338715909713729,-0.5668611394886169,-2.908693810848689,-0.7997006503066975,-1.5808844694772046,-2.026380436118001,-0.4006487220676629,-3.130058201199219,-0.20616729646225537
0.2802490806113265,0.3247207755988971,0.3209606908105321,YYXX,3.1211621644237635,0.4126550121391834,-1.0194382997833862,-1.0933004504498354,-0.2338715909713729,-0.5668611394886169,-2.908693810848689,-0.7997006503066975,-1.5808844694772046,-2.026380436118001,-0.4006487220676629,-3.130058201199219,0.3165687796584353
-0.3566095990037236,-0.4127698942136378,-0.3923690715249903,XXXX,3.1211621644237635,0.4126550121391834,-1.0194382997833862,-1.0933004504498354,-0.2338715909713729,-0.5668611394886169,-2.908693810848689,-0.7997006503066975,-1.5808844694772046,-2.026380436118001,-0.4006487220676629,-3.130058201199219,-0.3916768427550433
-0.1825684166978988,-0.1864471859511058,-0.2214908754051784,ZIZI,3.1211621644237635,0.4126550121391834,-1.0194382997833862,-1.0933004504498354,-0.2338715909713729,-0.5668611394886169,-2.908693810848689,-0.7997006503066975,-1.5808844694772046,-2.026380436118001,-0.4006487220676629,-3.130058201199219,-0.19579702367256338
-0.1970375161679217,-0.211537545846846,-0.2124559837044989,IZZI,3.1211621644237635,0.4126550121391834,-1.0194382997833862,-1.0933004504498354,-0.2338715909713729,-0.5668611394886169,-2.908693810848689,-0.7997006503066975,-1.5808844694772046,-2.026380436118001,-0.4006487220676629,-3.130058201199219,-0.20778420755201868
0.7975707132607318,0.8741128675713424,0.857882198796667,ZZII,3.1211621644237635,0.4126550121391834,-1.0194382997833862,-1.0933004504498354,-0.2338715909713729,-0.5668611394886169,-2.908693810848689,-0.7997006503066975,-1.5808844694772046,-2.026380436118001,-0.4006487220676629,-3.130058201199219,0.9102303117528365
1.0017284021422108,1.0217612728171774,0.9920107027925368,IIII,3.1211621644237635,0.4126550121391834,-1.0194382997833862,-1.0933004504498354,-0.2338715909713729,-0.5668611394886169,-2.908693810848689,-0.7997006503066975,-1.5808844694772046,-2.026380436118001,-0.4006487220676629,-3.130058201199219,0.9322054060191752
-0.2932644548393477,-0.3051202795319521,-0.3487617184413341,IIZI,-1.7468307835123278,2.306601797476919,-1.1301997252129268,-1.6150870199964955,3.109429505344265,-1.2495555232305429,-2.9880654586095523,0.3007447001831713,-1.4684777903183888,1.1077557260442283,-0.9419129651003058,-2.0128854043251616,-0.3329637591736626
-0.2142906902553188,-0.2267015044894559,-0.238223620895851,IIIZ,-1.7468307835123278,2.306601797476919,-1.1301997252129268,-1.6150870199964955,3.109429505344265,-1.2495555232305429,-2.9880654586095523,0.3007447001831713,-1.4684777903183888,1.1077557260442283,-0.9419129651003058,-2.0128854043251616,-0.23911111022000853
0.2005870419397024,0.2342351876483602,0.2221259325187849,IIZZ,-1.7468307835123278,2.306601797476919,-1.1301997252129268,-1.6150870199964955,3.109429505344265,-1.2495555232305429,-2.9880654586095523,0.3007447001831713,-1.4684777903183888,1.1077557260442283,-0.9419129651003058,-2.0128854043251616,0.21041823002955998
-0.2815936959371202,-0.3124786609124948,-0.3169937571805318,IZIZ,-1.7468307835123278,2.306601797476919,-1.1301997252129268,-1.6150870199964955,3.109429505344265,-1.2495555232305429,-2.9880654586095523,0.3007447001831713,-1.4684777903183888,1.1077557260442283,-0.9419129651003058,-2.0128854043251616,-0.33170847071598686
0.6387001175310887,0.6815746556517398,0.6688243767329097,IZII,-1.7468307835123278,2.306601797476919,-1.1301997252129268,-1.6150870199964955,3.109429505344265,-1.2495555232305429,-2.9880654586095523,0.3007447001831713,-1.4684777903183888,1.1077557260442283,-0.9419129651003058,-2.0128854043251616,0.7170836599091222
0.2190438755508723,0.2312435816141263,0.2337082937361692,ZIIZ,-1.7468307835123278,2.306601797476919,-1.1301997252129268,-1.6150870199964955,3.109429505344265,-1.2495555232305429,-2.9880654586095523,0.3007447001831713,-1.4684777903183888,1.1077557260442283,-0.9419129651003058,-2.0128854043251616,0.22692584461553647
-0.8158037693995981,-0.8653381966840561,-0.8455711805953369,ZIII,-1.7468307835123278,2.306601797476919,-1.1301997252129268,-1.6150870199964955,3.109429505344265,-1.2495555232305429,-2.9880654586095523,0.3007447001831713,-1.4684777903183888,1.1077557260442283,-0.9419129651003058,-2.0128854043251616,-0.8997900689513973
-0.2300314313962869,-0.26473451220218,-0.2389257959114439,YYYY,-1.7468307835123278,2.306601797476919,-1.1301997252129268,-1.6150870199964955,3.109429505344265,-1.2495555232305429,-2.9880654586095523,0.3007447001831713,-1.4684777903183888,1.1077557260442283,-0.9419129651003058,-2.0128854043251616,-0.24908816671711803
-0.0692116703595887,-0.0696806864164441,-0.0367737767608556,XXYY,-1.5015201836899512,0.9350106948175608,2.6816101164067128,2.301656618108229,1.0305441105891155,-1.1996101503547916,0.2036926786943445,2.9053929562979386,2.257438698081013,-2.4361388616230792,1.2858819291131978,0.8552872971453924,-0.07906775757601293
-0.2251693989669987,-0.2696416989663281,-0.2395380642735805,XXXX,-1.5015201836899512,0.9350106948175608,2.6816101164067128,2.301656618108229,1.0305441105891155,-1.1996101503547916,0.2036926786943445,2.9053929562979386,2.257438698081013,-2.4361388616230792,1.2858819291131978,0.8552872971453924,-0.2550981915347034
0.2267741148065069,0.2629310066133839,0.2433951942727146,YYXX,-1.5015201836899512,0.9350106948175608,2.6816101164067128,2.301656618108229,1.0305441105891155,-1.1996101503547916,0.2036926786943445,2.9053929562979386,2.257438698081013,-2.4361388616230792,1.2858819291131978,0.8552872971453924,0.2614538463349743
-0.5231303447464627,-0.5345901931532069,-0.5782994880272367,IZZI,-1.5015201836899512,0.9350106948175608,2.6816101164067128,2.301656618108229,1.0305441105891155,-1.1996101503547916,0.2036926786943445,2.9053929562979386,2.257438698081013,-2.4361388616230792,1.2858819291131978,0.8552872971453924,-0.5544812082863393
0.4792652544572982,0.5040755944809837,0.5003858348018488,ZZII,-1.5015201836899512,0.9350106948175608,2.6816101164067128,2.301656618108229,1.0305441105891155,-1.1996101503547916,0.2036926786943445,2.9053929562979386,2.257438698081013,-2.4361388616230792,1.2858819291131978,0.8552872971453924,0.5222794011493156
-0.2185883900666615,-0.2436881880461826,-0.2474224450103714,ZIZI,-1.5015201836899512,0.9350106948175608,2.6816101164067128,2.301656618108229,1.0305441105891155,-1.1996101503547916,0.2036926786943445,2.9053929562979386,2.257438698081013,-2.4361388616230792,1.2858819291131978,0.8552872971453924,-0.254607647898738
-0.0346345807422247,-0.0492549814108009,-0.0350425369752391,IIIZ,-1.5015201836899512,0.9350106948175608,2.6816101164067128,2.301656618108229,1.0305441105891155,-1.1996101503547916,0.2036926786943445,2.9053929562979386,2.257438698081013,-2.4361388616230792,1.2858819291131978,0.8552872971453924,-0.0338450086968466
0.4604669990150061,0.5092536915014594,0.476020496372641,IIZI,-0.2361852685828904,-2.008409389768436,-0.9866214296771728,-1.289216681905332,2.485044508306961,0.0639105095581551,2.814478427341169,-2.770052454035655,-0.8805595983936882,0.151655253482823,-0.4215381449388271,1.0471792975493184,0.505954283693329
1.001493666613496,1.002434064119729,0.9774131394097466,IIII,-1.5015201836899512,0.9350106948175608,2.6816101164067128,2.301656618108229,1.0305441105891155,-1.1996101503547916,0.2036926786943445,2.9053929562979386,2.257438698081013,-2.4361388616230792,1.2858819291131978,0.8552872971453924,0.9375080783866175
-0.3674701187493206,-0.3797450083041249,-0.3994409486818364,IIZZ,-0.2361852685828904,-2.008409389768436,-0.9866214296771728,-1.289216681905332,2.485044508306961,0.0639105095581551,2.814478427341169,-2.770052454035655,-0.8805595983936882,0.151655253482823,-0.4215381449388271,1.0471792975493184,-0.40274152571546273
-0.0045794297840268,0.0077678975384373,-0.026034415852689,IZII,-0.2361852685828904,-2.008409389768436,-0.9866214296771728,-1.289216681905332,2.485044508306961,0.0639105095581551,2.814478427341169,-2.770052454035655,-0.8805595983936882,0.151655253482823,-0.4215381449388271,1.0471792975493184,-0.004187526973145161
-0.0952039309018273,-0.093094592481753,-0.1210716050567868,IZIZ,-0.2361852685828904,-2.008409389768436,-0.9866214296771728,-1.289216681905332,2.485044508306961,0.0639105095581551,2.814478427341169,-2.770052454035655,-0.8805595983936882,0.151655253482823,-0.4215381449388271,1.0471792975493184,-0.10788427250983863
-0.7423973344637668,-0.8250959279777846,-0.7905332873252543,ZIII,-0.2361852685828904,-2.008409389768436,-0.9866214296771728,-1.289216681905332,2.485044508306961,0.0639105095581551,2.814478427341169,-2.770052454035655,-0.8805595983936882,0.151655253482823,-0.4215381449388271,1.0471792975493184,-0.8216596653658573
0.2544585365561325,0.2927800170771665,0.2790727635767237,ZIIZ,-0.2361852685828904,-2.008409389768436,-0.9866214296771728,-1.289216681905332,2.485044508306961,0.0639105095581551,2.814478427341169,-2.770052454035655,-0.8805595983936882,0.151655253482823,-0.4215381449388271,1.0471792975493184,0.2792097912709076
0.0461211523192767,0.0403631730075822,0.0361719159815286,YYYY,-0.2361852685828904,-2.008409389768436,-0.9866214296771728,-1.289216681905332,2.485044508306961,0.0639105095581551,2.814478427341169,-2.770052454035655,-0.8805595983936882,0.151655253482823,-0.4215381449388271,1.0471792975493184,0.04843832094772016
0.2223699826078961,0.229368591928099,0.2665148013584254,YYXX,-0.2361852685828904,-2.008409389768436,-0.9866214296771728,-1.289216681905332,2.485044508306961,0.0639105095581551,2.814478427341169,-2.770052454035655,-0.8805595983936882,0.151655253482823,-0.4215381449388271,1.0471792975493184,0.24330412310199706
0.6012230489245288,0.6652440413444113,0.6571649191571193,XXYY,-2.2074493443206857,-2.9294224379116134,-1.485108017064518,-0.2911599991386544,2.427135183796026,-0.8618927298528809,2.8006154456939525,-0.1257398717314388,1.5606002952561306,-2.390153541093188,-2.918004533443963,2.4698877272536155,0.6544107221001986
0.3262573908823492,0.3507162512833465,0.3566150646476272,XXXX,-2.2074493443206857,-2.9294224379116134,-1.485108017064518,-0.2911599991386544,2.427135183796026,-0.8618927298528809,2.8006154456939525,-0.1257398717314388,1.5606002952561306,-2.390153541093188,-2.918004533443963,2.4698877272536155,0.36364920486149765
-0.1057563194364997,-0.0931910565996991,-0.1282218212084827,IZZI,-2.2074493443206857,-2.9294224379116134,-1.485108017064518,-0.2911599991386544,2.427135183796026,-0.8618927298528809,2.8006154456939525,-0.1257398717314388,1.5606002952561306,-2.390153541093188,-2.918004533443963,2.4698877272536155,-0.11357939987889243
-0.3873282688319758,-0.3948579855284821,-0.4030405442614351,ZIZI,-2.2074493443206857,-2.9294224379116134,-1.485108017064518,-0.2911599991386544,2.427135183796026,-0.8618927298528809,2.8006154456939525,-0.1257398717314388,1.5606002952561306,-2.390153541093188,-2.918004533443963,2.4698877272536155,-0.4243066795886356
-0.03294189870005,-0.0237388988104769,-0.0676289177526629,IIIZ,-2.2074493443206857,-2.9294224379116134,-1.485108017064518,-0.2911599991386544,2.427135183796026,-0.8618927298528809,2.8006154456939525,-0.1257398717314388,1.5606002952561306,-2.390153541093188,-2.918004533443963,2.4698877272536155,-0.02735938907226131
1.0067882285518517,0.994671621277333,0.9991982040347054,IIII,-2.2074493443206857,-2.9294224379116134,-1.485108017064518,-0.2911599991386544,2.427135183796026,-0.8618927298528809,2.8006154456939525,-0.1257398717314388,1.5606002952561306,-2.390153541093188,-2.918004533443963,2.4698877272536155,0.9295255549818926
0.1134840036795528,0.1200094130621719,0.1019203291898778,ZZII,-2.2074493443206857,-2.9294224379116134,-1.485108017064518,-0.2911599991386544,2.427135183796026,-0.8618927298528809,2.8006154456939525,-0.1257398717314388,1.5606002952561306,-2.390153541093188,-2.918004533443963,2.4698877272536155,0.117456447356457
0.03894955729179,0.024496085855409,0.0628825018234124,IIZZ,-0.3800369764813447,1.2893980576183672,-0.0719397670637911,-1.005039395338093,-1.2706299644536647,1.962446939670114,-2.957354825309206,-2.404306968149396,-1.837148137046814,-2.5388458953293127,1.31643384832714,0.0255591109193789,0.05148970407639647
-0.0133854381556548,0.0117498502292538,0.0130806572245058,IZII,-0.3800369764813447,1.2893980576183672,-0.0719397670637911,-1.005039395338093,-1.2706299644536647,1.962446939670114,-2.957354825309206,-2.404306968149396,-1.837148137046814,-2.5388458953293127,1.31643384832714,0.0255591109193789,0.0041508275677404
-0.3429779411014353,-0.3684925214158639,-0.3497119136130415,IZIZ,-0.3800369764813447,1.2893980576183672,-0.0719397670637911,-1.005039395338093,-1.2706299644536647,1.962446939670114,-2.957354825309206,-2.404306968149396,-1.837148137046814,-2.5388458953293127,1.31643384832714,0.0255591109193789,-0.3798105154544267
-8.828583897745946e-05,-0.0028355820109714,0.0017355477821409,ZIII,-0.3800369764813447,1.2893980576183672,-0.0719397670637911,-1.005039395338093,-1.2706299644536647,1.962446939670114,-2.957354825309206,-2.404306968149396,-1.837148137046814,-2.5388458953293127,1.31643384832714,0.0255591109193789,0.0029633366088805185
0.0571244536003661,0.0782660095630607,0.096471888384944,ZIIZ,-0.3800369764813447,1.2893980576183672,-0.0719397670637911,-1.005039395338093,-1.2706299644536647,1.962446939670114,-2.957354825309206,-2.404306968149396,-1.837148137046814,-2.5388458953293127,1.31643384832714,0.0255591109193789,0.05646227380353506
-0.149258955826577,-0.1754204023212142,-0.1954527985560694,YYYY,-0.3800369764813447,1.2893980576183672,-0.0719397670637911,-1.005039395338093,-1.2706299644536647,1.962446939670114,-2.957354825309206,-2.404306968149396,-1.837148137046814,-2.5388458953293127,1.31643384832714,0.0255591109193789,-0.16436491359569666
0.0099086754519869,0.01177147166983,0.0014664641609488,XXYY,-0.3800369764813447,1.2893980576183672,-0.0719397670637911,-1.005039395338093,-1.2706299644536647,1.962446939670114,-2.957354825309206,-2.404306968149396,-1.837148137046814,-2.5388458953293127,1.31643384832714,0.0255591109193789,0.010763396511505364
-0.0710854548566689,-0.0611591975223863,-0.0989646713751791,IIZI,-2.2074493443206857,-2.9294224379116134,-1.485108017064518,-0.2911599991386544,2.427135183796026,-0.8618927298528809,2.8006154456939525,-0.1257398717314388,1.5606002952561306,-2.390153541093188,-2.918004533443963,2.4698877272536155,-0.08180660925468539
-0.1278456622317636,-0.1551671830712514,-0.1358276491036864,YYXX,-1.588974528347569,0.534528221687077,-1.838271733518792,0.028524824984438,-2.7481590019554623,-0.8851632049124576,0.5410643762409895,1.9450636080979613,-1.596000568282627,2.3851101419377843,1.6998296859278366,-0.8069064900530436,-0.14106686750310543
-0.1976048755125484,-0.2259610250508925,-0.1890763567706997,XXXX,-1.588974528347569,0.534528221687077,-1.838271733518792,0.028524824984438,-2.7481590019554623,-0.8851632049124576,0.5410643762409895,1.9450636080979613,-1.596000568282627,2.3851101419377843,1.6998296859278366,-0.8069064900530436,-0.21887406041707208
-0.2539519667427654,-0.2430431269275811,-0.2322983706648387,IIZI,-0.3800369764813447,1.2893980576183672,-0.0719397670637911,-1.005039395338093,-1.2706299644536647,1.962446939670114,-2.957354825309206,-2.404306968149396,-1.837148137046814,-2.5388458953293127,1.31643384832714,0.0255591109193789,-0.2725657564549115
0.4959316810531693,0.5364258692633298,0.5410482188453892,ZIZI,-1.588974528347569,0.534528221687077,-1.838271733518792,0.028524824984438,-2.7481590019554623,-0.8851632049124576,0.5410643762409895,1.9450636080979613,-1.596000568282627,2.3851101419377843,1.6998296859278366,-0.8069064900530436,0.5456446225545571
0.0125756553886899,0.0119808394624643,0.0232549477036406,IZZI,-1.588974528347569,0.534528221687077,-1.838271733518792,0.028524824984438,-2.7481590019554623,-0.8851632049124576,0.5410643762409895,1.9450636080979613,-1.596000568282627,2.3851101419377843,1.6998296859278366,-0.8069064900530436,0.017870640137256973
-0.0955723371768196,-0.1199430037915178,-0.1125027250982882,ZZII,-1.588974528347569,0.534528221687077,-1.838271733518792,0.028524824984438,-2.7481590019554623,-0.8851632049124576,0.5410643762409895,1.9450636080979613,-1.596000568282627,2.3851101419377843,1.6998296859278366,-0.8069064900530436,-0.10226815265576752
-0.309706884900476,-0.2998644754457304,-0.2902570606484692,IIIZ,-1.588974528347569,0.534528221687077,-1.838271733518792,0.028524824984438,-2.7481590019554623,-0.8851632049124576,0.5410643762409895,1.9450636080979613,-1.596000568282627,2.3851101419377843,1.6998296859278366,-0.8069064900530436,-0.33987409341472535
1.0171587354607317,1.004930045401574,1.0066560128465054,IIII,-1.588974528347569,0.534528221687077,-1.838271733518792,0.028524824984438,-2.7481590019554623,-0.8851632049124576,0.5410643762409895,1.9450636080979613,-1.596000568282627,2.3851101419377843,1.6998296859278366,-0.8069064900530436,0.9414929325820347
0.367932613494264,0.3818244437282069,0.3569326655580502,IZII,1.9233689193534536,1.5428854697669685,-1.5489315965027828,-2.459633815275305,2.386530460384466,-2.0788355149568734,2.930022811248098,0.0755293253035525,1.3603207124423422,-2.414279658696511,-0.4599850784044328,0.5629715911358493,0.4114653163470856
-0.2112827541564808,-0.2443793664071377,-0.2290173296965068,IIZZ,1.9233689193534536,1.5428854697669685,-1.5489315965027828,-2.459633815275305,2.386530460384466,-2.0788355149568734,2.930022811248098,0.0755293253035525,1.3603207124423422,-2.414279658696511,-0.4599850784044328,0.5629715911358493,-0.22614205681095567
0.2162191388746427,0.2556014406595742,0.2487531031142027,IZIZ,-1.588974528347569,0.534528221687077,-1.838271733518792,0.028524824984438,-2.7481590019554623,-0.8851632049124576,0.5410643762409895,1.9450636080979613,-1.596000568282627,2.3851101419377843,1.6998296859278366,-0.8069064900530436,0.2394919340073777
0.5301766133251172,0.542848063822836,0.5665230764973302,ZIII,1.9233689193534536,1.5428854697669685,-1.5489315965027828,-2.459633815275305,2.386530460384466,-2.0788355149568734,2.930022811248098,0.0755293253035525,1.3603207124423422,-2.414279658696511,-0.4599850784044328,0.5629715911358493,0.5823666168996868
-0.081513584700015,-0.0647437594446501,-0.1074619555616058,XXXX,-2.834608789591768,-2.554038304552846,1.164630321699157,-1.638179013347109,0.4598255440581726,-2.7708477940574645,-1.3932958033706622,0.715674608798762,-0.1608419221452242,0.3389656260473166,-0.0937763509734384,-1.1980113422869954,-0.08950123940552329
-0.6186469690962277,-0.6775373526684815,-0.6636553322262835,IZZI,-2.834608789591768,-2.554038304552846,1.164630321699157,-1.638179013347109,0.4598255440581726,-2.7708477940574645,-1.3932958033706622,0.715674608798762,-0.1608419221452242,0.3389656260473166,-0.0937763509734384,-1.1980113422869954,-0.6846681751736706
0.0322225740073153,0.0351713223712915,0.016857800601908,ZIIZ,1.9233689193534536,1.5428854697669685,-1.5489315965027828,-2.459633815275305,2.386530460384466,-2.0788355149568734,2.930022811248098,0.0755293253035525,1.3603207124423422,-2.414279658696511,-0.4599850784044328,0.5629715911358493,0.03147342370093549
0.1041477954403271,0.1135764898059411,0.1155356594081846,YYXX,1.9233689193534536,1.5428854697669685,-1.5489315965027828,-2.459633815275305,2.386530460384466,-2.0788355149568734,2.930022811248098,0.0755293253035525,1.3603207124423422,-2.414279658696511,-0.4599850784044328,0.5629715911358493,0.11816104741205403
0.0423743976428659,0.0232004002959749,0.010388340257061,YYYY,1.9233689193534536,1.5428854697669685,-1.5489315965027828,-2.459633815275305,2.386530460384466,-2.0788355149568734,2.930022811248098,0.0755293253035525,1.3603207124423422,-2.414279658696511,-0.4599850784044328,0.5629715911358493,0.047576594126005844
0.6368304959458946,0.7285162913427031,0.7140416817556193,ZZII,-2.834608789591768,-2.554038304552846,1.164630321699157,-1.638179013347109,0.4598255440581726,-2.7708477940574645,-1.3932958033706622,0.715674608798762,-0.1608419221452242,0.3389656260473166,-0.0937763509734384,-1.1980113422869954,0.7124954898235047
-0.5864709419393305,-0.6455098661705159,-0.6205388902466971,XXYY,1.9233689193534536,1.5428854697669685,-1.5489315965027828,-2.459633815275305,2.386530460384466,-2.0788355149568734,2.930022811248098,0.0755293253035525,1.3603207124423422,-2.414279658696511,-0.4599850784044328,0.5629715911358493,-0.6441703195162954
0.7824577896354613,0.81396638625231,0.8047555739137842,IIZI,-2.834608789591768,-2.554038304552846,1.164630321699157,-1.638179013347109,0.4598255440581726,-2.7708477940574645,-1.3932958033706622,0.715674608798762,-0.1608419221452242,0.3389656260473166,-0.0937763509734384,-1.1980113422869954,0.8502083632370107
-0.7846473947287513,-0.8089473458610573,-0.8172460865565319,IIZZ,-2.834608789591768,-2.554038304552846,1.164630321699157,-1.638179013347109,0.4598255440581726,-2.7708477940574645,-1.3932958033706622,0.715674608798762,-0.1608419221452242,0.3389656260473166,-0.0937763509734384,-1.1980113422869954,-0.8809217431095724
-0.668109374263768,-0.7333183861761593,-0.7344270994727152,ZIZI,1.9233689193534536,1.5428854697669685,-1.5489315965027828,-2.459633815275305,2.386530460384466,-2.0788355149568734,2.930022811248098,0.0755293253035525,1.3603207124423422,-2.414279658696511,-0.4599850784044328,0.5629715911358493,-0.7464208611211852
-0.6541210409150309,-0.7376412296689522,-0.7179475211639172,IZII,-2.834608789591768,-2.554038304552846,1.164630321699157,-1.638179013347109,0.4598255440581726,-2.7708477940574645,-1.3932958033706622,0.715674608798762,-0.1608419221452242,0.3389656260473166,-0.0937763509734384,-1.1980113422869954,-0.7124785176057977
-0.832691165144116,-0.8997371130331873,-0.8951916853520888,ZIII,-2.834608789591768,-2.554038304552846,1.164630321699157,-1.638179013347109,0.4598255440581726,-2.7708477940574645,-1.3932958033706622,0.715674608798762,-0.1608419221452242,0.3389656260473166,-0.0937763509734384,-1.1980113422869954,-0.8806572425597977
1.006059623432095,1.004600122708886,0.9883932565039926,IIII,-2.712275130563861,-0.8227046581301369,2.813641417287897,2.7063010655782724,-1.606965876797479,-2.6979095560380224,-2.1900108279497017,-2.5405100621206884,1.1198344667385731,0.3030304105003489,2.204423193410154,2.1965793201343846,0.936420855926235
-0.2756308439317365,-0.2996430773093904,-0.2995028535730658,IIIZ,-2.712275130563861,-0.8227046581301369,2.813641417287897,2.7063010655782724,-1.606965876797479,-2.6979095560380224,-2.1900108279497017,-2.5405100621206884,1.1198344667385731,0.3030304105003489,2.204423193410154,2.1965793201343846,-0.28647694933172535
-0.1194274448551623,-0.1061938863312759,-0.1054607164967208,XXYY,-2.834608789591768,-2.554038304552846,1.164630321699157,-1.638179013347109,0.4598255440581726,-2.7708477940574645,-1.3932958033706622,0.715674608798762,-0.1608419221452242,0.3389656260473166,-0.0937763509734384,-1.1980113422869954,-0.13659544022234804
0.2811781966788829,0.2652448583706707,0.2576736688488752,IZIZ,-2.712275130563861,-0.8227046581301369,2.813641417287897,2.7063010655782724,-1.606965876797479,-2.6979095560380224,-2.1900108279497017,-2.5405100621206884,1.1198344667385731,0.3030304105003489,2.204423193410154,2.1965793201343846,0.3140930735258714
0.0915776580596601,0.094584531478327,0.0846617210280075,ZIIZ,-2.712275130563861,-0.8227046581301369,2.813641417287897,2.7063010655782724,-1.606965876797479,-2.6979095560380224,-2.1900108279497017,-2.5405100621206884,1.1198344667385731,0.3030304105003489,2.204423193410154,2.1965793201343846,0.10085335442904625
0.6055281871265723,0.6857596068909523,0.6874949921237027,YYYY,-2.712275130563861,-0.8227046581301369,2.813641417287897,2.7063010655782724,-1.606965876797479,-2.6979095560380224,-2.1900108279497017,-2.5405100621206884,1.1198344667385731,0.3030304105003489,2.204423193410154,2.1965793201343846,0.6599194222022571
0.3843810641902235,0.3895518617594249,0.4063834375214076,ZIZI,-0.6314578817558276,-1.5011034149017082,-2.1883562625516344,2.2767437545710205,0.8530828941044746,-2.48390469144758,0.3811781826065594,-0.4517911305034419,-0.2997043348586148,2.900716623089651,-2.760918713218701,0.813798086788049,0.42260035707481514
-0.2754015825538898,-0.3293619656816065,-0.2882961927653187,YYXX,-2.712275130563861,-0.8227046581301369,2.813641417287897,2.7063010655782724,-1.606965876797479,-2.6979095560380224,-2.1900108279497017,-2.5405100621206884,1.1198344667385731,0.3030304105003489,2.204423193410154,2.1965793201343846,-0.28647694933172535
0.2222535411808563,0.2233351426992511,0.2487036925789805,IZZI,-0.6314578817558276,-1.5011034149017082,-2.1883562625516344,2.2767437545710205,0.8530828941044746,-2.48390469144758,0.3811781826065594,-0.4517911305034419,-0.2997043348586148,2.900716623089651,-2.760918713218701,0.813798086788049,0.245640976441431
0.4218531504130162,0.4514803260899628,0.4648245895433616,XXXX,-2.712275130563861,-0.8227046581301369,2.813641417287897,2.7063010655782724,-1.606965876797479,-2.6979095560380224,-2.1900108279497017,-2.5405100621206884,1.1198344667385731,0.3030304105003489,2.204423193410154,2.1965793201343846,0.4536814000904558
1.002506061285164,1.0037674755639787,1.0049369832372552,IIII,-0.6314578817558276,-1.5011034149017082,-2.1883562625516344,2.2767437545710205,0.8530828941044746,-2.48390469144758,0.3811781826065594,-0.4517911305034419,-0.2997043348586148,2.900716623089651,-2.760918713218701,0.813798086788049,0.9372879709806375
-0.093655656560101,-0.0998831268789971,-0.0961427638640028,IIIZ,-0.6314578817558276,-1.5011034149017082,-2.1883562625516344,2.2767437545710205,0.8530828941044746,-2.48390469144758,0.3811781826065594,-0.4517911305034419,-0.2997043348586148,2.900716623089651,-2.760918713218701,0.813798086788049,-0.09759046561823748
-0.1774096070625216,-0.1681844669829054,-0.204911171745039,IIZI,-0.6314578817558276,-1.5011034149017082,-2.1883562625516344,2.2767437545710205,0.8530828941044746,-2.48390469144758,0.3811781826065594,-0.4517911305034419,-0.2997043348586148,2.900716623089651,-2.760918713218701,0.813798086788049,-0.2009292417660548
-0.8663253521106752,-0.9037916860121844,-0.9181737232810524,IIZZ,0.0605478416515685,-2.939520085640296,-0.9168393756410652,2.837520275737888,-2.200846348370406,-2.7516971658121205,1.1915817987953785,1.5558720476139811,0.2671277135577239,3.128467346746186,-1.104200566269281,-3.026912970001989,-0.882279163869877
0.0304899309641649,0.0114952447355127,0.0502641012746802,ZZII,-2.712275130563861,-0.8227046581301369,2.813641417287897,2.7063010655782724,-1.606965876797479,-2.6979095560380224,-2.1900108279497017,-2.5405100621206884,1.1198344667385731,0.3030304105003489,2.204423193410154,2.1965793201343846,0.03253230771957587
-0.2617913038005959,-0.2654067357486633,-0.2700819178428015,IZII,-0.6314578817558276,-1.5011034149017082,-2.1883562625516344,2.2767437545710205,0.8530828941044746,-2.48390469144758,0.3811781826065594,-0.4517911305034419,-0.2997043348586148,2.900716623089651,-2.760918713218701,0.813798086788049,-0.2898951910955953
0.3761983820546796,0.4240457501433453,0.4055308711538451,IZIZ,0.0605478416515685,-2.939520085640296,-0.9168393756410652,2.837520275737888,-2.200846348370406,-2.7516971658121205,1.1915817987953785,1.5558720476139811,0.2671277135577239,3.128467346746186,-1.104200566269281,-3.026912970001989,0.4212188398312968
0.1982519798916107,0.2354991961570422,0.2465002645615346,YYYY,0.0605478416515685,-2.939520085640296,-0.9168393756410652,2.837520275737888,-2.200846348370406,-2.7516971658121205,1.1915817987953785,1.5558720476139811,0.2671277135577239,3.128467346746186,-1.104200566269281,-3.026912970001989,0.21326129162346735
0.5198530013420689,0.598367515315731,0.6005899210947254,ZIIZ,0.0605478416515685,-2.939520085640296,-0.9168393756410652,2.837520275737888,-2.200846348370406,-2.7516971658121205,1.1915817987953785,1.5558720476139811,0.2671277135577239,3.128467346746186,-1.104200566269281,-3.026912970001989,0.5632618046786931
-0.4477442556852699,-0.4607796025778564,-0.5042239927271058,ZIII,-0.6314578817558276,-1.5011034149017082,-2.1883562625516344,2.2767437545710205,0.8530828941044746,-2.48390469144758,0.3811781826065594,-0.4517911305034419,-0.2997043348586148,2.900716623089651,-2.760918713218701,0.813798086788049,-0.4954921664896019
-0.2938349691639157,-0.3038675413421589,-0.3086542399869184,XXYY,0.0605478416515685,-2.939520085640296,-0.9168393756410652,2.837520275737888,-2.200846348370406,-2.7516971658121205,1.1915817987953785,1.5558720476139811,0.2671277135577239,3.128467346746186,-1.104200566269281,-3.026912970001989,-0.3251704867709552
0.4542709265412034,0.500954587201899,0.4952228251641474,XXXX,-0.6314578817558276,-1.5011034149017082,-2.1883562625516344,2.2767437545710205,0.8530828941044746,-2.48390469144758,0.3811781826065594,-0.4517911305034419,-0.2997043348586148,2.900716623089651,-2.760918713218701,0.813798086788049,0.4957932318279296
-0.4151544504220478,-0.4629738815823588,-0.4599252794736816,IZZI,0.0605478416515685,-2.939520085640296,-0.9168393756410652,2.837520275737888,-2.200846348370406,-2.7516971658121205,1.1915817987953785,1.5558720476139811,0.2671277135577239,3.128467346746186,-1.104200566269281,-3.026912970001989,-0.44902615092444625
-0.5136982017691946,-0.5381919277437556,-0.5428290944580313,IIIZ,0.0605478416515685,-2.939520085640296,-0.9168393756410652,2.837520275737888,-2.200846348370406,-2.7516971658121205,1.1915817987953785,1.5558720476139811,0.2671277135577239,3.128467346746186,-1.104200566269281,-3.026912970001989,-0.5604598998545103
-0.2201440118904951,-0.2340867146750358,-0.2440945250036892,YYXX,3.024322604956549,1.75753276328847,-2.7789757713968237,-1.4195413790039946,0.642060125621319,2.821466770222065,-2.8484252913591472,-2.1544963735471723,0.5828931428997892,-0.6427991409315577,-2.603874150502449,-0.2574869698430855,-0.24849594944629794
0.1931401361099949,0.233301867151204,0.2735985622418677,ZIZI,3.024322604956549,1.75753276328847,-2.7789757713968237,-1.4195413790039946,0.642060125621319,2.821466770222065,-2.8484252913591472,-2.1544963735471723,0.5828931428997892,-0.6427991409315577,-2.603874150502449,-0.2574869698430855,0.20956211672506173
-0.8845849215098147,-0.9188960363118196,-0.9185425973971948,IIZZ,0.0605478416515685,-2.939520085640296,-0.9168393756410652,2.837520275737888,-2.200846348370406,-2.7516971658121205,1.1915817987953785,1.5558720476139811,0.2671277135577239,3.128467346746186,-1.104200566269281,-3.026912970001989,-0.882279163869877
0.9847190235465684,1.0038881649665463,0.9657840018807552,IIII,3.024322604956549,1.75753276328847,-2.7789757713968237,-1.4195413790039946,0.642060125621319,2.821466770222065,-2.8484252913591472,-2.1544963735471723,0.5828931428997892,-0.6427991409315577,-2.603874150502449,-0.2574869698430855,0.926742389538286
0.5418444561119843,0.5581411631624348,0.5954879646847692,ZZII,3.024322604956549,1.75753276328847,-2.7789757713968237,-1.4195413790039946,0.642060125621319,2.821466770222065,-2.8484252913591472,-2.1544963735471723,0.5828931428997892,-0.6427991409315577,-2.603874150502449,-0.2574869698430855,0.6020654881612523
0.2002715851957485,0.2502406451790429,0.2327342358718941,ZIII,-2.065946149972752,1.3069780025834818,-2.372231783858643,3.136412784648611,-1.9739932075356847,-2.1898201862431343,-1.2166715100414691,2.4654741099056245,0.8713974933922133,1.0252398008500654,2.1279949681505297,1.176378740379847,0.21255449484119715
-0.4299491887943365,-0.4468903876281661,-0.4629917585684815,IIZI,3.024322604956549,1.75753276328847,-2.7789757713968237,-1.4195413790039946,0.642060125621319,2.821466770222065,-2.8484252913591472,-2.1544963735471723,0.5828931428997892,-0.6427991409315577,-2.603874150502449,-0.2574869698430855,-0.47348865253511413
-0.328267801822623,-0.3434443136673399,-0.371235007723609,ZIIZ,-2.065946149972752,1.3069780025834818,-2.372231783858643,3.136412784648611,-1.9739932075356847,-2.1898201862431343,-1.2166715100414691,2.4654741099056245,0.8713974933922133,1.0252398008500654,2.1279949681505297,1.176378740379847,-0.36695172903416157
-0.1173344273654072,-0.1440102729933744,-0.1312218010562231,XXYY,-2.065946149972752,1.3069780025834818,-2.372231783858643,3.136412784648611,-1.9739932075356847,-2.1898201862431343,-1.2166715100414691,2.4654741099056245,0.8713974933922133,1.0252398008500654,2.1279949681505297,1.176378740379847,-0.13743222752332487
0.4920124066187656,0.5654715984677327,0.5527231201391318,IZIZ,3.024322604956549,1.75753276328847,-2.7789757713968237,-1.4195413790039946,0.642060125621319,2.821466770222065,-2.8484252913591472,-2.1544963735471723,0.5828931428997892,-0.6427991409315577,-2.603874150502449,-0.2574869698430855,0.5552368589013514
-0.0066976018572666,-0.0215164832865305,-0.0418243559896599,YYXX,-2.065946149972752,1.3069780025834818,-2.372231783858643,3.136412784648611,-1.9739932075356847,-2.1898201862431343,-1.2166715100414691,2.4654741099056245,0.8713974933922133,1.0252398008500654,2.1279949681505297,1.176378740379847,-0.004044033748872456
-0.5896924557650811,-0.6391113875310401,-0.6531712387284723,IZII,3.024322604956549,1.75753276328847,-2.7789757713968237,-1.4195413790039946,0.642060125621319,2.821466770222065,-2.8484252913591472,-2.1544963735471723,0.5828931428997892,-0.6427991409315577,-2.603874150502449,-0.2574869698430855,-0.6430981319290082
-0.4202014489840993,-0.4304439654295908,-0.4422877612452021,IZZI,-2.065946149972752,1.3069780025834818,-2.372231783858643,3.136412784648611,-1.9739932075356847,-2.1898201862431343,-1.2166715100414691,2.4654741099056245,0.8713974933922133,1.0252398008500654,2.1279949681505297,1.176378740379847,-0.44723352073738964
1.0048049774141892,0.9894682619914924,0.9998394881480668,IIII,-2.065946149972752,1.3069780025834818,-2.372231783858643,3.136412784648611,-1.9739932075356847,-2.1898201862431343,-1.2166715100414691,2.4654741099056245,0.8713974933922133,1.0252398008500654,2.1279949681505297,1.176378740379847,0.9426511783467167
-0.0059949634536927,0.009457473921965,-0.0022681574727392,YYYY,3.024322604956549,1.75753276328847,-2.7789757713968237,-1.4195413790039946,0.642060125621319,2.821466770222065,-2.8484252913591472,-2.1544963735471723,0.5828931428997892,-0.6427991409315577,-2.603874150502449,-0.2574869698430855,0.01231797821521014
0.4895310037344605,0.5220900065970703,0.502957774926784,XXXX,-0.8794610140110342,1.7208532952242883,-0.8768899542191124,2.885877018476502,0.4894927194589447,1.5780822316924938,-2.272551481067599,2.560166832195505,2.545724445463538,2.1417435302063232,-1.1437883725862985,-2.991034530207457,0.5424942101127377
0.6650522446530001,0.6822985825476587,0.7025880092108624,IIZI,-2.065946149972752,1.3069780025834818,-2.372231783858643,3.136412784648611,-1.9739932075356847,-2.1898201862431343,-1.2166715100414691,2.4654741099056245,0.8713974933922133,1.0252398008500654,2.1279949681505297,1.176378740379847,0.7468333288937358
0.4338242516400171,0.4715124911162816,0.5172641282560322,IZIZ,-2.065946149972752,1.3069780025834818,-2.372231783858643,3.136412784648611,-1.9739932075356847,-2.1898201862431343,-1.2166715100414691,2.4654741099056245,0.8713974933922133,1.0252398008500654,2.1279949681505297,1.176378740379847,0.4600493201865351
-0.5947922332096037,-0.6534574094926747,-0.65121964888427,ZZII,-0.8794610140110342,1.7208532952242883,-0.8768899542191124,2.885877018476502,0.4894927194589447,1.5780822316924938,-2.272551481067599,2.560166832195505,2.545724445463538,2.1417435302063232,-1.1437883725862985,-2.991034530207457,-0.660764800762762
-0.3589113275402563,-0.3838147289288513,-0.3397009630208467,ZIZI,-0.8794610140110342,1.7208532952242883,-0.8768899542191124,2.885877018476502,0.4894927194589447,1.5780822316924938,-2.272551481067599,2.560166832195505,2.545724445463538,2.1417435302063232,-1.1437883725862985,-2.991034530207457,-0.39181504957706
-0.7161054737130749,-0.7124291189688879,-0.718565959042565,IIIZ,-0.8794610140110342,1.7208532952242883,-0.8768899542191124,2.885877018476502,0.4894927194589447,1.5780822316924938,-2.272551481067599,2.560166832195505,2.545724445463538,2.1417435302063232,-1.1437883725862985,-2.991034530207457,-0.8048615851605311
0.0046434863922638,-0.0167096550392835,0.0188353011164726,IIZZ,-0.8794610140110342,1.7208532952242883,-0.8768899542191124,2.885877018476502,0.4894927194589447,1.5780822316924938,-2.272551481067599,2.560166832195505,2.545724445463538,2.1417435302063232,-1.1437883725862985,-2.991034530207457,-0.00127424913092289
-0.0712746934849789,-0.1096995175599262,-0.0945825349989978,IZII,-0.8794610140110342,1.7208532952242883,-0.8768899542191124,2.885877018476502,0.4894927194589447,1.5780822316924938,-2.272551481067599,2.560166832195505,2.545724445463538,2.1417435302063232,-1.1437883725862985,-2.991034530207457,-0.08199361639099179
-0.0287811800997081,-0.0269815193924552,-0.0517531544919481,ZIII,-1.034774735905529,2.638296979192152,-3.048157398252357,3.100630781220758,1.3763555818009865,-0.7989891632531316,-0.3090839801677858,-2.364757962884287,2.931096289779468,1.6368534246204351,0.0966807820255257,3.048398169647536,-0.02989930941326695
0.0050658182103494,0.0016545337849736,0.0373925143882788,ZIIZ,-0.8794610140110342,1.7208532952242883,-0.8768899542191124,2.885877018476502,0.4894927194589447,1.5780822316924938,-2.272551481067599,2.560166832195505,2.545724445463538,2.1417435302063232,-1.1437883725862985,-2.991034530207457,-0.0005476914065162595
-0.6405103450811888,-0.6651121692870416,-0.6495351638154377,ZZII,-2.367310356089532,-1.4823248510424285,3.089867764958872,-1.0936613006115454,0.4988123395056067,2.4634429366482937,2.102781097456261,1.1908939484469796,2.451387991751988,-0.7258249154615979,-2.470766988795201,0.5880388839499755,-0.6931864081767614
0.0284601235976787,0.0521004517044921,0.0533067843812844,YYYY,-0.8794610140110342,1.7208532952242883,-0.8768899542191124,2.885877018476502,0.4894927194589447,1.5780822316924938,-2.272551481067599,2.560166832195505,2.545724445463538,2.1417435302063232,-1.1437883725862985,-2.991034530207457,0.02534984214445789
-0.549835128399396,-0.6043463306463867,-0.6066430930814767,XXYY,-1.034774735905529,2.638296979192152,-3.048157398252357,3.100630781220758,1.3763555818009865,-0.7989891632531316,-0.3090839801677858,-2.364757962884287,2.931096289779468,1.6368534246204351,0.0966807820255257,3.048398169647536,-0.6170322648708059
-0.0220050226451512,-0.029477373903049,-0.0011701261987612,XXXX,-1.034774735905529,2.638296979192152,-3.048157398252357,3.100630781220758,1.3763555818009865,-0.7989891632531316,-0.3090839801677858,-2.364757962884287,2.931096289779468,1.6368534246204351,0.0966807820255257,3.048398169647536,-0.030915046416535138
0.3404859271839318,0.3862976500026639,0.3921847722177057,YYXX,-1.034774735905529,2.638296979192152,-3.048157398252357,3.100630781220758,1.3763555818009865,-0.7989891632531316,-0.3090839801677858,-2.364757962884287,2.931096289779468,1.6368534246204351,0.0966807820255257,3.048398169647536,0.3626118250851238
0.0481990953469106,0.0475620412223942,0.0334497964119086,IZZI,-1.034774735905529,2.638296979192152,-3.048157398252357,3.100630781220758,1.3763555818009865,-0.7989891632531316,-0.3090839801677858,-2.364757962884287,2.931096289779468,1.6368534246204351,0.0966807820255257,3.048398169647536,0.04809953327975714
-0.5337919301777104,-0.594219572429675,-0.6214995814143044,ZIZI,-1.034774735905529,2.638296979192152,-3.048157398252357,3.100630781220758,1.3763555818009865,-0.7989891632531316,-0.3090839801677858,-2.364757962884287,2.931096289779468,1.6368534246204351,0.0966807820255257,3.048398169647536,-0.5971068178379607
-0.1166353604059763,-0.1298939536255973,-0.12517024034582,IIZZ,-2.367310356089532,-1.4823248510424285,3.089867764958872,-1.0936613006115454,0.4988123395056067,2.4634429366482937,2.102781097456261,1.1908939484469796,2.451387991751988,-0.7258249154615979,-2.470766988795201,0.5880388839499755,-0.13896672996483553
0.2619017775781664,0.2781816631182471,0.2661413821490651,IZII,-2.367310356089532,-1.4823248510424285,3.089867764958872,-1.0936613006115454,0.4988123395056067,2.4634429366482937,2.102781097456261,1.1908939484469796,2.451387991751988,-0.7258249154615979,-2.470766988795201,0.5880388839499755,0.28363840956282915
0.992349722708046,0.9896490193902944,1.006197001970822,IIII,-1.034774735905529,2.638296979192152,-3.048157398252357,3.100630781220758,1.3763555818009865,-0.7989891632531316,-0.3090839801677858,-2.364757962884287,2.931096289779468,1.6368534246204351,0.0966807820255257,3.048398169647536,0.9307418502188756
0.129629540048255,0.1573768216692256,0.1373315504881926,IZIZ,-2.367310356089532,-1.4823248510424285,3.089867764958872,-1.0936613006115454,0.4988123395056067,2.4634429366482937,2.102781097456261,1.1908939484469796,2.451387991751988,-0.7258249154615979,-2.470766988795201,0.5880388839499755,0.13704494228528002
0.0336996246337,0.0277536251935745,0.0619581544318853,ZIII,-2.367310356089532,-1.4823248510424285,3.089867764958872,-1.0936613006115454,0.4988123395056067,2.4634429366482937,2.102781097456261,1.1908939484469796,2.451387991751988,-0.7258249154615979,-2.470766988795201,0.5880388839499755,0.041387194404626876
0.7991435646901698,0.8133386611969773,0.8094748009130635,IIIZ,-1.4245169821525958,1.7685573871721925,-0.7357875506445954,2.30157748800635,-2.1923466834682053,-1.5006425245974404,-2.670818044084685,2.2201496914664816,-2.9243302862463887,-2.1457245293819938,2.5672577068167834,0.5115869483295614,0.9154520329573708
0.0066298873772559,0.0135613088881811,0.0569113787318957,ZIIZ,-2.367310356089532,-1.4823248510424285,3.089867764958872,-1.0936613006115454,0.4988123395056067,2.4634429366482937,2.102781097456261,1.1908939484469796,2.451387991751988,-0.7258249154615979,-2.470766988795201,0.5880388839499755,0.0075921050858874795
0.1862751860316316,0.2396453827631546,0.2187486779601396,IIZI,-1.034774735905529,2.638296979192152,-3.048157398252357,3.100630781220758,1.3763555818009865,-0.7989891632531316,-0.3090839801677858,-2.364757962884287,2.931096289779468,1.6368534246204351,0.0966807820255257,3.048398169647536,0.21369493817241186
0.397834810699709,0.455791438732978,0.4482135041516383,YYXX,-2.367310356089532,-1.4823248510424285,3.089867764958872,-1.0936613006115454,0.4988123395056067,2.4634429366482937,2.102781097456261,1.1908939484469796,2.451387991751988,-0.7258249154615979,-2.470766988795201,0.5880388839499755,0.43803057483574437
-0.2936569330034725,-0.3072330599609517,-0.3288321431824338,XXYY,-1.4245169821525958,1.7685573871721925,-0.7357875506445954,2.30157748800635,-2.1923466834682053,-1.5006425245974404,-2.670818044084685,2.2201496914664816,-2.9243302862463887,-2.1457245293819938,2.5672577068167834,0.5115869483295614,-0.3296692166930728
0.1559193028605417,0.179567195939548,0.1837809217171125,YYYY,-1.4245169821525958,1.7685573871721925,-0.7357875506445954,2.30157748800635,-2.1923466834682053,-1.5006425245974404,-2.670818044084685,2.2201496914664816,-2.9243302862463887,-2.1457245293819938,2.5672577068167834,0.5115869483295614,0.17428338284629205
-0.1775629813441267,-0.1927525565117404,-0.2147968283854397,ZIZI,3.0137097254794467,-0.8042539268078301,-2.4474638471209564,-0.1089722453500074,-2.236132793016223,-0.0142271914827123,-1.0369953793650306,-2.847860696805752,0.7507932735625582,0.0730447895635872,1.2512197166424732,-1.186561135041846,-0.1958766367975309
-0.0812934542239664,-0.1148034484867857,-0.1106360489234913,XXXX,-1.4245169821525958,1.7685573871721925,-0.7357875506445954,2.30157748800635,-2.1923466834682053,-1.5006425245974404,-2.670818044084685,2.2201496914664816,-2.9243302862463887,-2.1457245293819938,2.5672577068167834,0.5115869483295614,-0.08166788755417737
1.0092743560324955,1.0042928920396466,1.036239128678949,IIII,-2.367310356089532,-1.4823248510424285,3.089867764958872,-1.0936613006115454,0.4988123395056067,2.4634429366482937,2.102781097456261,1.1908939484469796,2.451387991751988,-0.7258249154615979,-2.470766988795201,0.5880388839499755,0.9283755513571557
-0.4458888884890816,-0.4684520408968595,-0.4909606808144037,IIZZ,3.0137097254794467,-0.8042539268078301,-2.4474638471209564,-0.1089722453500074,-2.236132793016223,-0.0142271914827123,-1.0369953793650306,-2.847860696805752,0.7507932735625582,0.0730447895635872,1.2512197166424732,-1.186561135041846,-0.5018618689610393
-0.0315707886195856,-0.0328110512318783,-0.0318973214163582,IZZI,-1.4245169821525958,1.7685573871721925,-0.7357875506445954,2.30157748800635,-2.1923466834682053,-1.5006425245974404,-2.670818044084685,2.2201496914664816,-2.9243302862463887,-2.1457245293819938,2.5672577068167834,0.5115869483295614,-0.028999912382861644
-0.3853805999822445,-0.4380408075566827,-0.4285361031617111,IIZI,3.0137097254794467,-0.8042539268078301,-2.4474638471209564,-0.1089722453500074,-2.236132793016223,-0.0142271914827123,-1.0369953793650306,-2.847860696805752,0.7507932735625582,0.0730447895635872,1.2512197166424732,-1.186561135041846,-0.4297618047407121
-0.0071910900155728,-0.021679599876061,-0.0089289982471949,IZIZ,3.0137097254794467,-0.8042539268078301,-2.4474638471209564,-0.1089722453500074,-2.236132793016223,-0.0142271914827123,-1.0369953793650306,-2.847860696805752,0.7507932735625582,0.0730447895635872,1.2512197166424732,-1.186561135041846,0.0017951706287988591
0.4480970857468321,0.4859305558486979,0.4834537143057517,ZZII,-1.4245169821525958,1.7685573871721925,-0.7357875506445954,2.30157748800635,-2.1923466834682053,-1.5006425245974404,-2.670818044084685,2.2201496914664816,-2.9243302862463887,-2.1457245293819938,2.5672577068167834,0.5115869483295614,0.4885086331208205
0.8029007664455805,0.8063993899567473,0.7793078734893195,IIIZ,-1.4245169821525958,1.7685573871721925,-0.7357875506445954,2.30157748800635,-2.1923466834682053,-1.5006425245974404,-2.670818044084685,2.2201496914664816,-2.9243302862463887,-2.1457245293819938,2.5672577068167834,0.5115869483295614,0.9154520329573708
0.5594344971315506,0.6309343575466723,0.5917443602494783,YYYY,3.0137097254794467,-0.8042539268078301,-2.4474638471209564,-0.1089722453500074,-2.236132793016223,-0.0142271914827123,-1.0369953793650306,-2.847860696805752,0.7507932735625582,0.0730447895635872,1.2512197166424732,-1.186561135041846,0.6127615671441999
0.2691598978913659,0.2739046303202284,0.3008919614644886,ZIII,-1.4245169821525958,1.7685573871721925,-0.7357875506445954,2.30157748800635,-2.1923466834682053,-1.5006425245974404,-2.670818044084685,2.2201496914664816,-2.9243302862463887,-2.1457245293819938,2.5672577068167834,0.5115869483295614,0.28135882654796146
-0.2323724087493388,-0.2892204052881813,-0.2890576950939754,IZII,-1.2205825214507775,0.8530521636290525,0.1726407499148039,1.063713069862251,-2.9013501324168662,-0.8826997141144748,-0.8865111363527491,0.7803652603170099,0.8925393762241915,2.6267823797431324,0.5126251339338688,-0.0326408988938791,-0.2547513232922399
-0.5260145920862104,-0.6020757846143119,-0.6116269537989814,XXXX,3.0137097254794467,-0.8042539268078301,-2.4474638471209564,-0.1089722453500074,-2.236132793016223,-0.0142271914827123,-1.0369953793650306,-2.847860696805752,0.7507932735625582,0.0730447895635872,1.2512197166424732,-1.186561135041846,-0.5672248167681478
-0.5092487475509603,-0.5805017768603767,-0.5640518132969682,ZIIZ,-1.2205825214507775,0.8530521636290525,0.1726407499148039,1.063713069862251,-2.9013501324168662,-0.8826997141144748,-0.8865111363527491,0.7803652603170099,0.8925393762241915,2.6267823797431324,0.5126251339338688,-0.0326408988938791,-0.5577224886869382
0.2695681310881744,0.2926078705799486,0.3117194448263639,IZZI,3.0137097254794467,-0.8042539268078301,-2.4474638471209564,-0.1089722453500074,-2.236132793016223,-0.0142271914827123,-1.0369953793650306,-2.847860696805752,0.7507932735625582,0.0730447895635872,1.2512197166424732,-1.186561135041846,0.2843952860503892
-0.3392703516306519,-0.4133439616280846,-0.3818595437270654,YYXX,-1.2205825214507775,0.8530521636290525,0.1726407499148039,1.063713069862251,-2.9013501324168662,-0.8826997141144748,-0.8865111363527491,0.7803652603170099,0.8925393762241915,2.6267823797431324,0.5126251339338688,-0.0326408988938791,-0.37519236807042833
-0.0100425768074511,-0.0110453112500196,-0.0525013065860924,XXYY,-1.2205825214507775,0.8530521636290525,0.1726407499148039,1.063713069862251,-2.9013501324168662,-0.8826997141144748,-0.8865111363527491,0.7803652603170099,0.8925393762241915,2.6267823797431324,0.5126251339338688,-0.0326408988938791,0.0011921810621217765
0.1443723263449566,0.159968758556243,0.1363785374606731,ZZII,3.0137097254794467,-0.8042539268078301,-2.4474638471209564,-0.1089722453500074,-2.236132793016223,-0.0142271914827123,-1.0369953793650306,-2.847860696805752,0.7507932735625582,0.0730447895635872,1.2512197166424732,-1.186561135041846,0.155821105520676
0.9901512932589353,1.0042984930772196,1.0140345024158128,IIII,1.55897773897032,-1.5724654516220864,1.841190854901588,-2.944119589122106,-0.79148811420841,2.799505048116365,3.1198916153626257,-1.8422711084974703,-1.0736006362802408,2.4435583126006577,1.340311565676461,1.1027039505305831,0.9301765169713418
-0.1839274754978714,-0.196554538333929,-0.2032171183889347,ZIZI,-1.2205825214507775,0.8530521636290525,0.1726407499148039,1.063713069862251,-2.9013501324168662,-0.8826997141144748,-0.8865111363527491,0.7803652603170099,0.8925393762241915,2.6267823797431324,0.5126251339338688,-0.0326408988938791,-0.20028222485518957
0.0536148235314023,0.0556579548043665,0.0352790636662142,IIZI,1.55897773897032,-1.5724654516220864,1.841190854901588,-2.944119589122106,-0.79148811420841,2.799505048116365,3.1198916153626257,-1.8422711084974703,-1.0736006362802408,2.4435583126006577,1.340311565676461,1.1027039505305831,0.047499875143508626
-0.4661551979835383,-0.4890638959291263,-0.4657581036293213,IIIZ,-1.2205825214507775,0.8530521636290525,0.1726407499148039,1.063713069862251,-2.9013501324168662,-0.8826997141144748,-0.8865111363527491,0.7803652603170099,0.8925393762241915,2.6267823797431324,0.5126251339338688,-0.0326408988938791,-0.5101512382649498
-0.1920358438796853,-0.2345517926308885,-0.2316386613213594,IZII,1.55897773897032,-1.5724654516220864,1.841190854901588,-2.944119589122106,-0.79148811420841,2.799505048116365,3.1198916153626257,-1.8422711084974703,-1.0736006362802408,2.4435583126006577,1.340311565676461,1.1027039505305831,-0.2126741050199442
0.1955083242127134,0.2373881000257671,0.2267344625019324,IZIZ,1.55897773897032,-1.5724654516220864,1.841190854901588,-2.944119589122106,-0.79148811420841,2.799505048116365,3.1198916153626257,-1.8422711084974703,-1.0736006362802408,2.4435583126006577,1.340311565676461,1.1027039505305831,0.21213235430127803
-0.0090053453052188,-0.0096805864347663,-0.0338114338301352,YYYY,1.55897773897032,-1.5724654516220864,1.841190854901588,-2.944119589122106,-0.79148811420841,2.799505048116365,3.1198916153626257,-1.8422711084974703,-1.0736006362802408,2.4435583126006577,1.340311565676461,1.1027039505305831,-8.084675276699791e-05
-0.1786826365793968,-0.2272382870242624,-0.2257432438618299,YYXX,1.55897773897032,-1.5724654516220864,1.841190854901588,-2.944119589122106,-0.79148811420841,2.799505048116365,3.1198916153626257,-1.8422711084974703,-1.0736006362802408,2.4435583126006577,1.340311565676461,1.1027039505305831,-0.19758114802052912
-0.0177204924589619,0.0022756597585065,-0.0076498892479863,IIZZ,-1.2205825214507775,0.8530521636290525,0.1726407499148039,1.063713069862251,-2.9013501324168662,-0.8826997141144748,-0.8865111363527491,0.7803652603170099,0.8925393762241915,2.6267823797431324,0.5126251339338688,-0.0326408988938791,0.0036916974268930685
0.2660369726269374,0.2776030608250732,0.3269372063114357,ZIII,-1.2205825214507775,0.8530521636290525,0.1726407499148039,1.063713069862251,-2.9013501324168662,-0.8826997141144748,-0.8865111363527491,0.7803652603170099,0.8925393762241915,2.6267823797431324,0.5126251339338688,-0.0326408988938791,0.28622897242869344
-0.1729623076983758,-0.2023050708597022,-0.210908024105521,ZIIZ,-0.7364192734645236,-1.300971604487953,-1.7159485717456882,-1.0704848674606384,-2.8139913942481645,0.0089611212242202,-1.643133285142289,-1.5327798245499444,-1.3961700052478712,0.2075975621085506,0.49418022275339,0.1691948558793545,-0.1890603264377689
0.076278470012303,0.0555190882848135,0.0600915262125106,XXYY,-0.7364192734645236,-1.300971604487953,-1.7159485717456882,-1.0704848674606384,-2.8139913942481645,0.0089611212242202,-1.643133285142289,-1.5327798245499444,-1.3961700052478712,0.2075975621085506,0.49418022275339,0.1691948558793545,0.10105353328034034
1.0086255442625882,1.007797745586961,1.0094384831922296,IIII,1.55897773897032,-1.5724654516220864,1.841190854901588,-2.944119589122106,-0.79148811420841,2.799505048116365,3.1198916153626257,-1.8422711084974703,-1.0736006362802408,2.4435583126006577,1.340311565676461,1.1027039505305831,0.9301765169713418
0.1935474495157516,0.2185352268830687,0.1935138487257271,XXXX,-0.7364192734645236,-1.300971604487953,-1.7159485717456882,-1.0704848674606384,-2.8139913942481645,0.0089611212242202,-1.643133285142289,-1.5327798245499444,-1.3961700052478712,0.2075975621085506,0.49418022275339,0.1691948558793545,0.2087749561917933
0.7289166193956215,0.7991920149945487,0.7694409184924841,IZZI,-0.7364192734645236,-1.300971604487953,-1.7159485717456882,-1.0704848674606384,-2.8139913942481645,0.0089611212242202,-1.643133285142289,-1.5327798245499444,-1.3961700052478712,0.2075975621085506,0.49418022275339,0.1691948558793545,0.7911919671727589
-0.8758566619418854,-0.9199940606630016,-0.917714875994296,IIIZ,1.55897773897032,-1.5724654516220864,1.841190854901588,-2.944119589122106,-0.79148811420841,2.799505048116365,3.1198916153626257,-1.8422711084974703,-1.0736006362802408,2.4435583126006577,1.340311565676461,1.1027039505305831,-0.8811237504786955
-0.8391848840344505,-0.9238835204102508,-0.8660178784184188,ZIZI,-0.7364192734645236,-1.300971604487953,-1.7159485717456882,-1.0704848674606384,-2.8139913942481645,0.0089611212242202,-1.643133285142289,-1.5327798245499444,-1.3961700052478712,0.2075975621085506,0.49418022275339,0.1691948558793545,-0.8821152226303082
0.130127827128166,0.1185829897444593,0.0930052679753321,IIZI,0.4032383306090104,-2.8079348452687665,0.3229819843218044,1.86305233581355,-0.9944093017694224,-2.2271968180354937,-1.6188359648809083,-0.0368210596138145,-2.802918522557735,0.3114814142871758,1.6212114753776683,2.227186849894077,0.1505803984256248
-0.2813701514473013,-0.2688416628471495,-0.2647187220224974,IIZZ,0.4032383306090104,-2.8079348452687665,0.3229819843218044,1.86305233581355,-0.9944093017694224,-2.2271968180354937,-1.6188359648809083,-0.0368210596138145,-2.802918522557735,0.3114814142871758,1.6212114753776683,2.227186849894077,-0.32118887505977783
0.5526501563432749,0.6171254437606142,0.5641863281570517,IZIZ,0.4032383306090104,-2.8079348452687665,0.3229819843218044,1.86305233581355,-0.9944093017694224,-2.2271968180354937,-1.6188359648809083,-0.0368210596138145,-2.802918522557735,0.3114814142871758,1.6212114753776683,2.227186849894077,0.6008545025629811
-0.7765558208942372,-0.801213330355165,-0.8082067187558383,ZZII,-0.7364192734645236,-1.300971604487953,-1.7159485717456882,-1.0704848674606384,-2.8139913942481645,0.0089611212242202,-1.643133285142289,-1.5327798245499444,-1.3961700052478712,0.2075975621085506,0.49418022275339,0.1691948558793545,-0.8799855090255736
-0.7034863903182511,-0.755840978162083,-0.7383994717730189,ZIII,0.4032383306090104,-2.8079348452687665,0.3229819843218044,1.86305233581355,-0.9944093017694224,-2.2271968180354937,-1.6188359648809083,-0.0368210596138145,-2.802918522557735,0.3114814142871758,1.6212114753776683,2.227186849894077,-0.784246691631504
-0.138857223271119,-0.1408364564715299,-0.174792259440301,YYYY,0.4032383306090104,-2.8079348452687665,0.3229819843218044,1.86305233581355,-0.9944093017694224,-2.2271968180354937,-1.6188359648809083,-0.0368210596138145,-2.802918522557735,0.3114814142871758,1.6212114753776683,2.227186849894077,-0.15700883155402004
-0.3783652952461417,-0.4312808219365624,-0.4108585599878083,IZII,-0.7364192734645236,-1.300971604487953,-1.7159485717456882,-1.0704848674606384,-2.8139913942481645,0.0089611212242202,-1.643133285142289,-1.5327798245499444,-1.3961700052478712,0.2075975621085506,0.49418022275339,0.1691948558793545,-0.42132150121981743
0.1232052056052881,0.1298824547629108,0.129676485806729,XXYY,-0.5501126779710055,2.2601035415392925,-0.3402857901921337,1.5232887698520718,-1.2708520354395318,-0.8763999213809104,-0.8612830809057215,-1.823845616282056,0.8187802048293182,-0.4873282089404127,-1.821687220498592,0.1353664536140324,0.13191092085248662
0.4257420056806593,0.4838291954861883,0.4753775266347965,YYXX,-0.5501126779710055,2.2601035415392925,-0.3402857901921337,1.5232887698520718,-1.2708520354395318,-0.8763999213809104,-0.8612830809057215,-1.823845616282056,0.8187802048293182,-0.4873282089404127,-1.821687220498592,0.1353664536140324,0.4632979391360213
0.2369620820960744,0.2718195783707296,0.2666047498186401,XXXX,-0.5501126779710055,2.2601035415392925,-0.3402857901921337,1.5232887698520718,-1.2708520354395318,-0.8763999213809104,-0.8612830809057215,-1.823845616282056,0.8187802048293182,-0.4873282089404127,-1.821687220498592,0.1353664536140324,0.2610150812403559
-0.538778229791578,-0.6457441151844326,-0.6206792558565156,ZIZI,-0.5501126779710055,2.2601035415392925,-0.3402857901921337,1.5232887698520718,-1.2708520354395318,-0.8763999213809104,-0.8612830809057215,-1.823845616282056,0.8187802048293182,-0.4873282089404127,-1.821687220498592,0.1353664536140324,-0.6088980236236884
0.0159671953288984,0.0011322710270003,0.0164257137222556,IZZI,0.4032383306090104,-2.8079348452687665,0.3229819843218044,1.86305233581355,-0.9944093017694224,-2.2271968180354937,-1.6188359648809083,-0.0368210596138145,-2.802918522557735,0.3114814142871758,1.6212114753776683,2.227186849894077,0.022688094994656963
-0.2408339970891712,-0.2647563876480807,-0.2670156823876268,ZZII,-0.5501126779710055,2.2601035415392925,-0.3402857901921337,1.5232887698520718,-1.2708520354395318,-0.8763999213809104,-0.8612830809057215,-1.823845616282056,0.8187802048293182,-0.4873282089404127,-1.821687220498592,0.1353664536140324,-0.2618638344070004
-0.1952430427474781,-0.2313961837806278,-0.202773853239379,ZIIZ,-0.7364192734645236,-1.300971604487953,-1.7159485717456882,-1.0704848674606384,-2.8139913942481645,0.0089611212242202,-1.643133285142289,-1.5327798245499444,-1.3961700052478712,0.2075975621085506,0.49418022275339,0.1691948558793545,-0.21054383734327387
0.998986920985906,0.9943119188118926,1.0318305633127691,IIII,0.4032383306090104,-2.8079348452687665,0.3229819843218044,1.86305233581355,-0.9944093017694224,-2.2271968180354937,-1.6188359648809083,-0.0368210596138145,-2.802918522557735,0.3114814142871758,1.6212114753776683,2.227186849894077,0.9386932986270259
-0.236060503856192,-0.254175023324295,-0.2419184983879166,IZIZ,-0.5501126779710055,2.2601035415392925,-0.3402857901921337,1.5232887698520718,-1.2708520354395318,-0.8763999213809104,-0.8612830809057215,-1.823845616282056,0.8187802048293182,-0.4873282089404127,-1.821687220498592,0.1353664536140324,-0.24501509680331046
0.4378154938884079,0.4594586465161024,0.4470555234276981,ZIIZ,0.4032383306090104,-2.8079348452687665,0.3229819843218044,1.86305233581355,-0.9944093017694224,-2.2271968180354937,-1.6188359648809083,-0.0368210596138145,-2.802918522557735,0.3114814142871758,1.6212114753776683,2.227186849894077,0.47460209124418307
0.5206898662045321,0.5809419710069527,0.5810989319317328,YYYY,-0.5501126779710055,2.2601035415392925,-0.3402857901921337,1.5232887698520718,-1.2708520354395318,-0.8763999213809104,-0.8612830809057215,-1.823845616282056,0.8187802048293182,-0.4873282089404127,-1.821687220498592,0.1353664536140324,0.5641091305368348
-0.4848286846191803,-0.503848645811657,-0.5388862952985136,IIIZ,-0.9014782104556311,-2.7274666359554582,0.4568095303651214,-2.458252892804864,-1.4570813361267096,0.676388668021116,-2.4676132716302472,-3.0445328492818877,2.9570067955472785,-2.284897305396681,-0.0849520953450553,1.186352759130604,-0.5149181681958062
-0.3054099260386597,-0.3502813022044713,-0.3479489032447873,IZII,-0.9014782104556311,-2.7274666359554582,0.4568095303651214,-2.458252892804864,-1.4570813361267096,0.676388668021116,-2.4676132716302472,-3.0445328492818877,2.9570067955472785,-2.284897305396681,-0.0849520953450553,1.186352759130604,-0.3346122072028846
0.4114459715524687,0.4937899216985139,0.4907733592312866,YYXX,-0.5501126779710055,2.2601035415392925,-0.3402857901921337,1.5232887698520718,-1.2708520354395318,-0.8763999213809104,-0.8612830809057215,-1.823845616282056,0.8187802048293182,-0.4873282089404127,-1.821687220498592,0.1353664536140324,0.44684453366055815
-0.5022704694018431,-0.5412413699815277,-0.5490618873706209,IIZI,-0.9014782104556311,-2.7274666359554582,0.4568095303651214,-2.458252892804864,-1.4570813361267096,0.676388668021116,-2.4676132716302472,-3.0445328492818877,2.9570067955472785,-2.284897305396681,-0.0849520953450553,1.186352759130604,-0.5599033983308893
0.2265021353963413,0.2702096453898479,0.2574972738147144,IIZZ,-0.9014782104556311,-2.7274666359554582,0.4568095303651214,-2.458252892804864,-1.4570813361267096,0.676388668021116,-2.4676132716302472,-3.0445328492818877,2.9570067955472785,-2.284897305396681,-0.0849520953450553,1.186352759130604,0.2586386706425651
-0.5168414434959079,-0.5626908925967874,-0.5749065698547986,ZIII,-0.9014782104556311,-2.7274666359554582,0.4568095303651214,-2.458252892804864,-1.4570813361267096,0.676388668021116,-2.4676132716302472,-3.0445328492818877,2.9570067955472785,-2.284897305396681,-0.0849520953450553,1.186352759130604,-0.5630744565207126
-0.2741490113199412,-0.2800132770924004,-0.2631584959506602,ZIZI,1.4455127963098642,2.685265741126239,0.3956478409090036,0.96490849520052,2.422949694602428,-1.5660834575303768,0.3981503947110059,-0.5309480885327744,2.1501484878870336,0.4644493395487177,2.29927912081689,2.3975907406474457,-0.29741204874322175
-0.2672690281793295,-0.2955251847201937,-0.253672840684914,XXYY,-0.9014782104556311,-2.7274666359554582,0.4568095303651214,-2.458252892804864,-1.4570813361267096,0.676388668021116,-2.4676132716302472,-3.0445328492818877,2.9570067955472785,-2.284897305396681,-0.0849520953450553,1.186352759130604,-0.27494983000929696
0.3768883919097953,0.4535513089742898,0.4622529314347238,IZZI,1.4455127963098642,2.685265741126239,0.3956478409090036,0.96490849520052,2.422949694602428,-1.5660834575303768,0.3981503947110059,-0.5309480885327744,2.1501484878870336,0.4644493395487177,2.29927912081689,2.3975907406474457,0.40553521751325067
-0.0947603466672928,-0.1076544977718686,-0.0696219374343103,XXXX,-0.9014782104556311,-2.7274666359554582,0.4568095303651214,-2.458252892804864,-1.4570813361267096,0.676388668021116,-2.4676132716302472,-3.0445328492818877,2.9570067955472785,-2.284897305396681,-0.0849520953450553,1.186352759130604,-0.10704141381035803
0.2277379384036837,0.2209046709635748,0.2253217616144362,ZZII,1.4455127963098642,2.685265741126239,0.3956478409090036,0.96490849520052,2.422949694602428,-1.5660834575303768,0.3981503947110059,-0.5309480885327744,2.1501484878870336,0.4644493395487177,2.29927912081689,2.3975907406474457,0.2611077810634382
0.9949729852565904,1.0132426696333248,0.9933954242889734,IIII,1.4455127963098642,2.685265741126239,0.3956478409090036,0.96490849520052,2.422949694602428,-1.5660834575303768,0.3981503947110059,-0.5309480885327744,2.1501484878870336,0.4644493395487177,2.29927912081689,2.3975907406474457,0.9314026632423577
-0.0889985161392103,-0.074676996290351,-0.0743647852217061,IIZI,1.4455127963098642,2.685265741126239,0.3956478409090036,0.96490849520052,2.422949694602428,-1.5660834575303768,0.3981503947110059,-0.5309480885327744,2.1501484878870336,0.4644493395487177,2.29927912081689,2.3975907406474457,-0.10067613511826905
-0.2486549083171164,-0.2706259083393779,-0.2827842934842376,IZII,1.4455127963098642,2.685265741126239,0.3956478409090036,0.96490849520052,2.422949694602428,-1.5660834575303768,0.3981503947110059,-0.5309480885327744,2.1501484878870336,0.4644493395487177,2.29927912081689,2.3975907406474457,-0.26945314840928253
-0.4801473279394094,-0.4797880687742528,-0.4909084027869955,IIIZ,-0.9014782104556311,-2.7274666359554582,0.4568095303651214,-2.458252892804864,-1.4570813361267096,0.676388668021116,-2.4676132716302472,-3.0445328492818877,2.9570067955472785,-2.284897305396681,-0.0849520953450553,1.186352759130604,-0.5112124028746149
-0.4802428692073077,-0.5234041128718039,-0.5112580052146141,ZIII,1.4455127963098642,2.685265741126239,0.3956478409090036,0.96490849520052,2.422949694602428,-1.5660834575303768,0.3981503947110059,-0.5309480885327744,2.1501484878870336,0.4644493395487177,2.29927912081689,2.3975907406474457,-0.519382079822787
-0.3873253988738369,-0.4162707776743585,-0.406122671119888,IIZZ,-0.0640984996000377,1.3777661710763107,-2.4397627672069038,1.4450242032453486,-2.942445929226367,1.2684141727031155,0.3399224027574163,-0.3881504367509594,0.3298915696824345,-2.3691881439870204,-0.4798198947051704,2.459983880039897,-0.4286026822282343
0.2968240577394915,0.3462359455819194,0.3750595924563268,IZIZ,-0.0640984996000377,1.3777661710763107,-2.4397627672069038,1.4450242032453486,-2.942445929226367,1.2684141727031155,0.3399224027574163,-0.3881504367509594,0.3298915696824345,-2.3691881439870204,-0.4798198947051704,2.459983880039897,0.33931451690659076
0.4028378998095582,0.4518301479871967,0.4603032063207668,ZIIZ,-0.0640984996000377,1.3777661710763107,-2.4397627672069038,1.4450242032453486,-2.942445929226367,1.2684141727031155,0.3399224027574163,-0.3881504367509594,0.3298915696824345,-2.3691881439870204,-0.4798198947051704,2.459983880039897,0.4347915530381804
-0.3499222434799702,-0.3867363297105222,-0.3867661339192317,XXXX,1.4455127963098642,2.685265741126239,0.3956478409090036,0.96490849520052,2.422949694602428,-1.5660834575303768,0.3981503947110059,-0.5309480885327744,2.1501484878870336,0.4644493395487177,2.29927912081689,2.3975907406474457,-0.391496363621923
-0.0301473855599699,-0.0349617019492554,-0.0232155124539265,YYYY,-0.0640984996000377,1.3777661710763107,-2.4397627672069038,1.4450242032453486,-2.942445929226367,1.2684141727031155,0.3399224027574163,-0.3881504367509594,0.3298915696824345,-2.3691881439870204,-0.4798198947051704,2.459983880039897,-0.022630473094296957
-0.0468516713882725,-0.0308642257236557,-0.0714855244630708,XXYY,-0.0640984996000377,1.3777661710763107,-2.4397627672069038,1.4450242032453486,-2.942445929226367,1.2684141727031155,0.3399224027574163,-0.3881504367509594,0.3298915696824345,-2.3691881439870204,-0.4798198947051704,2.459983880039897,-0.0554287281933924
-0.0892550479485875,-0.1103095336601196,-0.1099261500729849,YYXX,-0.0640984996000377,1.3777661710763107,-2.4397627672069038,1.4450242032453486,-2.942445929226367,1.2684141727031155,0.3399224027574163,-0.3881504367509594,0.3298915696824345,-2.3691881439870204,-0.4798198947051704,2.459983880039897,-0.09332562735915252
0.0845072642246184,0.1272992522842413,0.1249497432750138,IZZI,-0.0640984996000377,1.3777661710763107,-2.4397627672069038,1.4450242032453486,-2.942445929226367,1.2684141727031155,0.3399224027574163,-0.3881504367509594,0.3298915696824345,-2.3691881439870204,-0.4798198947051704,2.459983880039897,0.10133966509653114
0.0965230703212653,0.0707438930407143,0.0983035210111449,ZZII,3.018866501268465,-1.930397060813165,-1.0364815079602137,2.5375157119249465,2.234031099829047,-0.8451318450961969,-0.3238027634525933,0.00161276558222,1.5725296624926122,0.6504528031419099,-0.2618201437044631,2.6653602916245958,0.10263267413272224
0.3210768463148966,0.3417585221331535,0.357956359932128,ZIZI,3.018866501268465,-1.930397060813165,-1.0364815079602137,2.5375157119249465,2.234031099829047,-0.8451318450961969,-0.3238027634525933,0.00161276558222,1.5725296624926122,0.6504528031419099,-0.2618201437044631,2.6653602916245958,0.35786498228387265
0.9941029527160118,0.9901891183526444,0.994660343233528,IIII,3.018866501268465,-1.930397060813165,-1.0364815079602137,2.5375157119249465,2.234031099829047,-0.8451318450961969,-0.3238027634525933,0.00161276558222,1.5725296624926122,0.6504528031419099,-0.2618201437044631,2.6653602916245958,0.9244699208901452
-0.9158643437354986,-0.9468688275327194,-0.915681709341468,IIIZ,-0.0640984996000377,1.3777661710763107,-2.4397627672069038,1.4450242032453486,-2.942445929226367,1.2684141727031155,0.3399224027574163,-0.3881504367509594,0.3298915696824345,-2.3691881439870204,-0.4798198947051704,2.459983880039897,-0.8961609493844732
-0.160691875688581,-0.1606294823595559,-0.1579381469353042,ZIII,-1.906265561450384,-0.1058486465794779,-1.961819423549096,0.99785852805116,-0.3666473760038902,-2.6495929219047536,-2.1090982176070154,0.5834212902208171,-1.100862920574134,-0.3419441497015851,-1.9483316503050208,0.0388466334812176,-0.17920005022791358
0.1748667876993241,0.191664449314141,0.1932690570689279,IIZZ,3.018866501268465,-1.930397060813165,-1.0364815079602137,2.5375157119249465,2.234031099829047,-0.8451318450961969,-0.3238027634525933,0.00161276558222,1.5725296624926122,0.6504528031419099,-0.2618201437044631,2.6653602916245958,0.19726929095094742
0.4879197587729163,0.503829260173813,0.504263015200502,IIZI,3.018866501268465,-1.930397060813165,-1.0364815079602137,2.5375157119249465,2.234031099829047,-0.8451318450961969,-0.3238027634525933,0.00161276558222,1.5725296624926122,0.6504528031419099,-0.2618201437044631,2.6653602916245958,0.544252370782152
0.2487984441585243,0.2906023977180041,0.3332939622412131,ZIIZ,-1.906265561450384,-0.1058486465794779,-1.961819423549096,0.99785852805116,-0.3666473760038902,-2.6495929219047536,-2.1090982176070154,0.5834212902208171,-1.100862920574134,-0.3419441497015851,-1.9483316503050208,0.0388466334812176,0.2792308190339606
-0.2444313765450055,-0.280679161720771,-0.2836508662624328,YYYY,-1.906265561450384,-0.1058486465794779,-1.961819423549096,0.99785852805116,-0.3666473760038902,-2.6495929219047536,-2.1090982176070154,0.5834212902208171,-1.100862920574134,-0.3419441497015851,-1.9483316503050208,0.0388466334812176,-0.26649856897128954
-0.0608787393520947,-0.123311902787556,-0.1044815712873,IZII,3.018866501268465,-1.930397060813165,-1.0364815079602137,2.5375157119249465,2.234031099829047,-0.8451318450961969,-0.3238027634525933,0.00161276558222,1.5725296624926122,0.6504528031419099,-0.2618201437044631,2.6653602916245958,-0.06491110735841443
-0.0258421161834969,-0.04329974638237,-0.0549885190215027,IZIZ,3.018866501268465,-1.930397060813165,-1.0364815079602137,2.5375157119249465,2.234031099829047,-0.8451318450961969,-0.3238027634525933,0.00161276558222,1.5725296624926122,0.6504528031419099,-0.2618201437044631,2.6653602916245958,-0.022699847468866552
-0.223484354486871,-0.2454190243706847,-0.2550717610177832,XXXX,-1.906265561450384,-0.1058486465794779,-1.961819423549096,0.99785852805116,-0.3666473760038902,-2.6495929219047536,-2.1090982176070154,0.5834212902208171,-1.100862920574134,-0.3419441497015851,-1.9483316503050208,0.0388466334812176,-0.24281069618829038
0.2407073490536497,0.2577023828171408,0.2518369319676333,IZZI,-1.906265561450384,-0.1058486465794779,-1.961819423549096,0.99785852805116,-0.3666473760038902,-2.6495929219047536,-2.1090982176070154,0.5834212902208171,-1.100862920574134,-0.3419441497015851,-1.9483316503050208,0.0388466334812176,0.26451421983483475
-0.4947241168280554,-0.552062989369939,-0.5034253426263307,XXYY,3.018866501268465,-1.930397060813165,-1.0364815079602137,2.5375157119249465,2.234031099829047,-0.8451318450961969,-0.3238027634525933,0.00161276558222,1.5725296624926122,0.6504528031419099,-0.2618201437044631,2.6653602916245958,-0.5552929638235583
0.99602213359937,0.9985202151347335,0.9948359991086564,IIII,-1.906265561450384,-0.1058486465794779,-1.961819423549096,0.99785852805116,-0.3666473760038902,-2.6495929219047536,-2.1090982176070154,0.5834212902208171,-1.100862920574134,-0.3419441497015851,-1.9483316503050208,0.0388466334812176,0.9404305051688435
-0.5999827344072651,-0.6192228236268933,-0.6375988950762318,IIIZ,-1.906265561450384,-0.1058486465794779,-1.961819423549096,0.99785852805116,-0.3666473760038902,-2.6495929219047536,-2.1090982176070154,0.5834212902208171,-1.100862920574134,-0.3419441497015851,-1.9483316503050208,0.0388466334812176,-0.6559502226602847
-0.6793848748978107,-0.77463870270596,-0.7578581447733511,YYXX,-2.929858295222006,-0.0969586792288095,1.6953110526235342,-0.5415209581218523,-2.187738992951058,-2.9806251107427357,-2.1572661826007176,2.242054400679,1.549062338092047,1.2657635638576208,-0.7766162617051222,1.750000763030159,-0.7391215917272518
-0.1179433287500677,-0.1179784600067827,-0.1205587803245351,IZII,-1.906265561450384,-0.1058486465794779,-1.961819423549096,0.99785852805116,-0.3666473760038902,-2.6495929219047536,-2.1090982176070154,0.5834212902208171,-1.100862920574134,-0.3419441497015851,-1.9483316503050208,0.0388466334812176,-0.14267571179962574
0.0898629296513382,0.1018929740091219,0.1289672036753296,ZZII,-2.929858295222006,-0.0969586792288095,1.6953110526235342,-0.5415209581218523,-2.187738992951058,-2.9806251107427357,-2.1572661826007176,2.242054400679,1.549062338092047,1.2657635638576208,-0.7766162617051222,1.750000763030159,0.09323638376163867
-0.0975190391461045,-0.093628048422151,-0.0994623714900955,ZIZI,-2.929858295222006,-0.0969586792288095,1.6953110526235342,-0.5415209581218523,-2.187738992951058,-2.9806251107427357,-2.1572661826007176,2.242054400679,1.549062338092047,1.2657635638576208,-0.7766162617051222,1.750000763030159,-0.1089330453858134
0.097516664729479,0.1076425151622864,0.1478815121239572,IIZI,-2.929858295222006,-0.0969586792288095,1.6953110526235342,-0.5415209581218523,-2.187738992951058,-2.9806251107427357,-2.1572661826007176,2.242054400679,1.549062338092047,1.2657635638576208,-0.7766162617051222,1.750000763030159,0.09936133955432763
0.1847008309131385,0.2017151317354217,0.2007790787295049,IIZZ,-2.929858295222006,-0.0969586792288095,1.6953110526235342,-0.5415209581218523,-2.187738992951058,-2.9806251107427357,-2.1572661826007176,2.242054400679,1.549062338092047,1.2657635638576208,-0.7766162617051222,1.750000763030159,0.21563210945530237
-0.2701465261673883,-0.2918524467261915,-0.2849693065564889,ZIIZ,-2.644227893491811,1.246778240497357,2.78687708733698,-0.73334609419725,-1.601063230417881,-2.663359411012608,-1.490808426919629,-3.033555561039916,2.7403415534031774,3.0899236931001823,-1.6177276746022065,1.4904511552506872,-0.2848262067467169
-0.0485378358818281,-0.042780375341366,-0.0743840496968322,IZIZ,-2.929858295222006,-0.0969586792288095,1.6953110526235342,-0.5415209581218523,-2.187738992951058,-2.9806251107427357,-2.1572661826007176,2.242054400679,1.549062338092047,1.2657635638576208,-0.7766162617051222,1.750000763030159,-0.05267983841372916
-0.3553817483969361,-0.3717056347065157,-0.359218096914712,ZIII,-2.929858295222006,-0.0969586792288095,1.6953110526235342,-0.5415209581218523,-2.187738992951058,-2.9806251107427357,-2.1572661826007176,2.242054400679,1.549062338092047,1.2657635638576208,-0.7766162617051222,1.750000763030159,-0.39076839231856975
0.3144584459171071,0.3709011853417374,0.3248636164843857,XXYY,-2.644227893491811,1.246778240497357,2.78687708733698,-0.73334609419725,-1.601063230417881,-2.663359411012608,-1.490808426919629,-3.033555561039916,2.7403415534031774,3.0899236931001823,-1.6177276746022065,1.4904511552506872,0.346507315615425
0.2769286083176966,0.2969013364137322,0.2755720397410058,YYXX,-2.644227893491811,1.246778240497357,2.78687708733698,-0.73334609419725,-1.601063230417881,-2.663359411012608,-1.490808426919629,-3.033555561039916,2.7403415534031774,3.0899236931001823,-1.6177276746022065,1.4904511552506872,0.2975726704778604
-0.1708021483051935,-0.1934963698446095,-0.178703791192101,ZIZI,-1.908916703934236,2.7183705971112904,-2.282652338745997,1.951030507947365,-2.155733059853041,2.6683388367217766,-0.3618444884623955,-1.5157863180401714,3.0517415204816887,0.2446560730124436,0.7941975324270878,1.1470409703745492,-0.18932245959828972
-0.492749578482329,-0.5480883899277971,-0.5271819431089632,XXXX,-2.644227893491811,1.246778240497357,2.78687708733698,-0.73334609419725,-1.601063230417881,-2.663359411012608,-1.490808426919629,-3.033555561039916,2.7403415534031774,3.0899236931001823,-1.6177276746022065,1.4904511552506872,-0.5559407068236761
-0.2262080328675244,-0.2653687560319135,-0.2533929337698463,IZZI,-2.644227893491811,1.246778240497357,2.78687708733698,-0.73334609419725,-1.601063230417881,-2.663359411012608,-1.490808426919629,-3.033555561039916,2.7403415534031774,3.0899236931001823,-1.6177276746022065,1.4904511552506872,-0.2594529706931965
0.2480977697302847,0.2721092188410254,0.2841852205860399,ZZII,-2.644227893491811,1.246778240497357,2.78687708733698,-0.73334609419725,-1.601063230417881,-2.663359411012608,-1.490808426919629,-3.033555561039916,2.7403415534031774,3.0899236931001823,-1.6177276746022065,1.4904511552506872,0.2691797679448995
0.2324745735814457,0.2814315040023242,0.2573884925618721,YYYY,-2.929858295222006,-0.0969586792288095,1.6953110526235342,-0.5415209581218523,-2.187738992951058,-2.9806251107427357,-2.1572661826007176,2.242054400679,1.549062338092047,1.2657635638576208,-0.7766162617051222,1.750000763030159,0.26224140760153797
0.9947362989665928,0.9962310251902028,1.022391446521909,IIII,-2.644227893491811,1.246778240497357,2.78687708733698,-0.73334609419725,-1.601063230417881,-2.663359411012608,-1.490808426919629,-3.033555561039916,2.7403415534031774,3.0899236931001823,-1.6177276746022065,1.4904511552506872,0.9375398845270289
0.0677290722750152,0.0730556984635146,0.0603852587010897,IIIZ,-1.908916703934236,2.7183705971112904,-2.282652338745997,1.951030507947365,-2.155733059853041,2.6683388367217766,-0.3618444884623955,-1.5157863180401714,3.0517415204816887,0.2446560730124436,0.7941975324270878,1.1470409703745492,0.09411860237725042
-0.5730702181137866,-0.598815707266741,-0.5892374251581382,IIZI,-1.908916703934236,2.7183705971112904,-2.282652338745997,1.951030507947365,-2.155733059853041,2.6683388367217766,-0.3618444884623955,-1.5157863180401714,3.0517415204816887,0.2446560730124436,0.7941975324270878,1.1470409703745492,-0.6348805849598661
0.1956203424210342,0.2220887221930488,0.199687403471884,IZII,-1.908916703934236,2.7183705971112904,-2.282652338745997,1.951030507947365,-2.155733059853041,2.6683388367217766,-0.3618444884623955,-1.5157863180401714,3.0517415204816887,0.2446560730124436,0.7941975324270878,1.1470409703745492,0.21427918876425664
-0.34564382875238,-0.3707342454362056,-0.373217092684826,IZIZ,-1.908916703934236,2.7183705971112904,-2.282652338745997,1.951030507947365,-2.155733059853041,2.6683388367217766,-0.3618444884623955,-1.5157863180401714,3.0517415204816887,0.2446560730124436,0.7941975324270878,1.1470409703745492,-0.38013446129946127
0.0900687601321244,0.0822668837526673,0.0940357584234182,ZIII,-1.908916703934236,2.7183705971112904,-2.282652338745997,1.951030507947365,-2.155733059853041,2.6683388367217766,-0.3618444884623955,-1.5157863180401714,3.0517415204816887,0.2446560730124436,0.7941975324270878,1.1470409703745492,0.1035405896814055
-0.2595587242869866,-0.3080289192481827,-0.3019183703505188,ZIIZ,-2.644227893491811,1.246778240497357,2.78687708733698,-0.73334609419725,-1.601063230417881,-2.663359411012608,-1.490808426919629,-3.033555561039916,2.7403415534031774,3.0899236931001823,-1.6177276746022065,1.4904511552506872,-0.281682691222457
-0.389731935597346,-0.423807676872551,-0.4172806576046041,YYYY,-1.908916703934236,2.7183705971112904,-2.282652338745997,1.951030507947365,-2.155733059853041,2.6683388367217766,-0.3618444884623955,-1.5157863180401714,3.0517415204816887,0.2446560730124436,0.7941975324270878,1.1470409703745492,-0.43014913670378896
-0.8170293346129625,-0.8266327592302947,-0.8390723927884601,IIZZ,1.7142097509277452,-2.6326700365868727,1.89999019032732,-2.2951634880896634,0.5252072612359924,1.8012854375689802,2.8617186360087032,-1.2660493097992018,-1.4721604128830574,-0.5588062137065131,1.226745437137664,-1.4448645562011684,-0.8849704850023159
0.6720690714181724,0.7188916435224432,0.7288375406280634,XXYY,1.7142097509277452,-2.6326700365868727,1.89999019032732,-2.2951634880896634,0.5252072612359924,1.8012854375689802,2.8617186360087032,-1.2660493097992018,-1.4721604128830574,-0.5588062137065131,1.226745437137664,-1.4448645562011684,0.7484257279157523
0.582905166609826,0.667809755264888,0.6561264940343992,XXXX,1.7142097509277452,-2.6326700365868727,1.89999019032732,-2.2951634880896634,0.5252072612359924,1.8012854375689802,2.8617186360087032,-1.2660493097992018,-1.4721604128830574,-0.5588062137065131,1.226745437137664,-1.4448645562011684,0.6587918562892289
0.5768492649208413,0.6435540900754909,0.6130120827990252,YYXX,1.7142097509277452,-2.6326700365868727,1.89999019032732,-2.2951634880896634,0.5252072612359924,1.8012854375689802,2.8617186360087032,-1.2660493097992018,-1.4721604128830574,-0.5588062137065131,1.226745437137664,-1.4448645562011684,0.6505526703372265
0.0967229045336129,0.1017745450240304,0.1235081123095888,ZZII,-1.908916703934236,2.7183705971112904,-2.282652338745997,1.951030507947365,-2.155733059853041,2.6683388367217766,-0.3618444884623955,-1.5157863180401714,3.0517415204816887,0.2446560730124436,0.7941975324270878,1.1470409703745492,0.10320724837808715
0.7880170724342143,0.803759738355224,0.8116530757009014,IIIZ,-1.3337548765881535,-1.9763112636758973,-2.5276456025469454,1.36188073036847,-2.011751697365906,2.6565143768662027,-2.7106058485580102,-2.951864004123866,-0.9270799974255688,0.8823784276211661,-1.47302170809469,0.9097234406267808,0.8932474951775008
0.2068076001922469,0.2157693790460287,0.2477191167970395,IIZI,-1.3337548765881535,-1.9763112636758973,-2.5276456025469454,1.36188073036847,-2.011751697365906,2.6565143768662027,-2.7106058485580102,-2.951864004123866,-0.9270799974255688,0.8823784276211661,-1.47302170809469,0.9097234406267808,0.22364125891159364
0.1967930880068048,0.233490064428416,0.2089686545705139,IZZI,1.7142097509277452,-2.6326700365868727,1.89999019032732,-2.2951634880896634,0.5252072612359924,1.8012854375689802,2.8617186360087032,-1.2660493097992018,-1.4721604128830574,-0.5588062137065131,1.226745437137664,-1.4448645562011684,0.2096842538765784
0.1532311934963268,0.1511144531162292,0.1556377685699445,IIZZ,-1.3337548765881535,-1.9763112636758973,-2.5276456025469454,1.36188073036847,-2.011751697365906,2.6565143768662027,-2.7106058485580102,-2.951864004123866,-0.9270799974255688,0.8823784276211661,-1.47302170809469,0.9097234406267808,0.15819604477981325
-0.1019508813580763,-0.1137953603553049,-0.1112223092807373,ZIZI,1.7142097509277452,-2.6326700365868727,1.89999019032732,-2.2951634880896634,0.5252072612359924,1.8012854375689802,2.8617186360087032,-1.2660493097992018,-1.4721604128830574,-0.5588062137065131,1.226745437137664,-1.4448645562011684,-0.11435094742926384
-0.4334065422139955,-0.5013781120108497,-0.4678889564598674,IZII,-1.3337548765881535,-1.9763112636758973,-2.5276456025469454,1.36188073036847,-2.011751697365906,2.6565143768662027,-2.7106058485580102,-2.951864004123866,-0.9270799974255688,0.8823784276211661,-1.47302170809469,0.9097234406267808,-0.4764236386568927
0.9858359097064,1.007136285271142,1.0031591666790782,IIII,1.7142097509277452,-2.6326700365868727,1.89999019032732,-2.2951634880896634,0.5252072612359924,1.8012854375689802,2.8617186360087032,-1.2660493097992018,-1.4721604128830574,-0.5588062137065131,1.226745437137664,-1.4448645562011684,0.9236435576585599
0.0609332247258558,0.0565103488550141,0.0621197759290915,YYYY,-1.3337548765881535,-1.9763112636758973,-2.5276456025469454,1.36188073036847,-2.011751697365906,2.6565143768662027,-2.7106058485580102,-2.951864004123866,-0.9270799974255688,0.8823784276211661,-1.47302170809469,0.9097234406267808,0.07029989698205283
-0.1029809234026047,-0.1068015880912641,-0.1399477149600491,IZIZ,1.7142097509277452,-2.6326700365868727,1.89999019032732,-2.2951634880896634,0.5252072612359924,1.8012854375689802,2.8617186360087032,-1.2660493097992018,-1.4721604128830574,-0.5588062137065131,1.226745437137664,-1.4448645562011684,-0.11447914093193706
-0.0080252209182408,-0.0139186617334444,-0.0013572872582137,YYXX,-1.3337548765881535,-1.9763112636758973,-2.5276456025469454,1.36188073036847,-2.011751697365906,2.6565143768662027,-2.7106058485580102,-2.951864004123866,-0.9270799974255688,0.8823784276211661,-1.47302170809469,0.9097234406267808,-0.009912522034771021
-0.0726151743580317,-0.0868688077326178,-0.0886150911418516,IZZI,-1.3337548765881535,-1.9763112636758973,-2.5276456025469454,1.36188073036847,-2.011751697365906,2.6565143768662027,-2.7106058485580102,-2.951864004123866,-0.9270799974255688,0.8823784276211661,-1.47302170809469,0.9097234406267808,-0.07587951917023318
-0.4920062560710222,-0.5278975553204392,-0.5284005451504769,ZIII,1.9341273659989515,1.4643293321742323,0.4513733318940689,-2.091883325124563,-0.8566234302112128,1.8166245135087395,-2.683866678342307,0.1753184456381187,1.959270662401848,1.489935845247067,-1.7044556071355217,-2.4095422999184826,-0.5651028417645062
0.0346052363011746,0.0351604831895594,0.0226116411360827,ZIIZ,1.9341273659989515,1.4643293321742323,0.4513733318940689,-2.091883325124563,-0.8566234302112128,1.8166245135087395,-2.683866678342307,0.1753184456381187,1.959270662401848,1.489935845247067,-1.7044556071355217,-2.4095422999184826,0.03489041990083423
-0.0052317822743309,-0.0150281431713045,-0.0126517942802376,XXXX,1.9341273659989515,1.4643293321742323,0.4513733318940689,-2.091883325124563,-0.8566234302112128,1.8166245135087395,-2.683866678342307,0.1753184456381187,1.959270662401848,1.489935845247067,-1.7044556071355217,-2.4095422999184826,0.005013692700648619
0.1455328081840279,0.173440731224673,0.1269757567481493,XXYY,1.9341273659989515,1.4643293321742323,0.4513733318940689,-2.091883325124563,-0.8566234302112128,1.8166245135087395,-2.683866678342307,0.1753184456381187,1.959270662401848,1.489935845247067,-1.7044556071355217,-2.4095422999184826,0.15885663326834515
-0.2949789201603628,-0.3406410319689703,-0.3214258596804793,ZZII,-1.3337548765881535,-1.9763112636758973,-2.5276456025469454,1.36188073036847,-2.011751697365906,2.6565143768662027,-2.7106058485580102,-2.951864004123866,-0.9270799974255688,0.8823784276211661,-1.47302170809469,0.9097234406267808,-0.3191302031187919
-0.4065222613627842,-0.4378352707074721,-0.4320330264188043,ZIZI,1.9341273659989515,1.4643293321742323,0.4513733318940689,-2.091883325124563,-0.8566234302112128,1.8166245135087395,-2.683866678342307,0.1753184456381187,1.959270662401848,1.489935845247067,-1.7044556071355217,-2.4095422999184826,-0.45594759818136327
1.0035605211298655,0.9959832728908714,1.0124166428350498,IIII,1.9341273659989515,1.4643293321742323,0.4513733318940689,-2.091883325124563,-0.8566234302112128,1.8166245135087395,-2.683866678342307,0.1753184456381187,1.959270662401848,1.489935845247067,-1.7044556071355217,-2.4095422999184826,0.9267759017340182
-0.0340014331753232,-0.0412958997295622,-0.0007828643507851,IIIZ,1.9341273659989515,1.4643293321742323,0.4513733318940689,-2.091883325124563,-0.8566234302112128,1.8166245135087395,-2.683866678342307,0.1753184456381187,1.959270662401848,1.489935845247067,-1.7044556071355217,-2.4095422999184826,-0.035374794790250026
0.6667487754932198,0.6990685564902113,0.7109756660514145,IIZI,-3.09934089869918,-1.124610373354774,2.395722874802467,1.027749438169816,-1.1523751588831896,-1.753297996616806,-1.7640084031298746,-1.6620331411645806,-1.2212014756287943,1.8094826251539144,-0.7211740122729817,-1.869524392753961,0.7375329605888957
0.305881690523123,0.3185299563251254,0.3039356434874968,IIZZ,-3.09934089869918,-1.124610373354774,2.395722874802467,1.027749438169816,-1.1523751588831896,-1.753297996616806,-1.7640084031298746,-1.6620331411645806,-1.2212014756287943,1.8094826251539144,-0.7211740122729817,-1.869524392753961,0.3354417476351248
-0.0491231638760254,-0.0450800569004956,-0.039295006810652,IZIZ,-3.09934089869918,-1.124610373354774,2.395722874802467,1.027749438169816,-1.1523751588831896,-1.753297996616806,-1.7640084031298746,-1.6620331411645806,-1.2212014756287943,1.8094826251539144,-0.7211740122729817,-1.869524392753961,-0.05785487320526341
0.5310634517891224,0.5701202394310501,0.5542785297020941,IZII,-3.09934089869918,-1.124610373354774,2.395722874802467,1.027749438169816,-1.1523751588831896,-1.753297996616806,-1.7640084031298746,-1.6620331411645806,-1.2212014756287943,1.8094826251539144,-0.7211740122729817,-1.869524392753961,0.5862289301138385
-0.5248106057092452,-0.5279444057073024,-0.5389232461956354,ZIII,1.9341273659989515,1.4643293321742323,0.4513733318940689,-2.091883325124563,-0.8566234302112128,1.8166245135087395,-2.683866678342307,0.1753184456381187,1.959270662401848,1.489935845247067,-1.7044556071355217,-2.4095422999184826,-0.5705415872281582
-0.2132543598480159,-0.1999731937855874,-0.2363795754253327,ZIIZ,-3.09934089869918,-1.124610373354774,2.395722874802467,1.027749438169816,-1.1523751588831896,-1.753297996616806,-1.7640084031298746,-1.6620331411645806,-1.2212014756287943,1.8094826251539144,-0.7211740122729817,-1.869524392753961,-0.2405648036217156
0.1166447606997568,0.1291602161970611,0.1189207566192549,YYXX,-1.0182850523874407,1.2488908973802832,1.2592403307615418,0.6868261549529127,-2.286357391070152,3.094582521042039,-1.456843292052865,2.392561749980086,2.3715472289384723,-0.8167432221747202,-1.4049985539182448,-1.791702240767005,0.1328626995177763
-0.0419231850922082,-0.0431250106084377,0.0170228639028714,XXXX,-1.0182850523874407,1.2488908973802832,1.2592403307615418,0.6868261549529127,-2.286357391070152,3.094582521042039,-1.456843292052865,2.392561749980086,2.3715472289384723,-0.8167432221747202,-1.4049985539182448,-1.791702240767005,-0.06270967062661983
-0.3850389681144026,-0.4174317190671606,-0.3995726529603934,YYYY,-3.09934089869918,-1.124610373354774,2.395722874802467,1.027749438169816,-1.1523751588831896,-1.753297996616806,-1.7640084031298746,-1.6620331411645806,-1.2212014756287943,1.8094826251539144,-0.7211740122729817,-1.869524392753961,-0.42188397136593275
-0.1215704115539975,-0.1154863352967362,-0.137582317259714,XXYY,-3.09934089869918,-1.124610373354774,2.395722874802467,1.027749438169816,-1.1523751588831896,-1.753297996616806,-1.7640084031298746,-1.6620331411645806,-1.2212014756287943,1.8094826251539144,-0.7211740122729817,-1.869524392753961,-0.13265587086222233
0.2895264564287855,0.3367167060704503,0.3378434988598388,IZZI,-1.0182850523874407,1.2488908973802832,1.2592403307615418,0.6868261549529127,-2.286357391070152,3.094582521042039,-1.456843292052865,2.392561749980086,2.3715472289384723,-0.8167432221747202,-1.4049985539182448,-1.791702240767005,0.3121057161715768
0.4177073833318084,0.4872943314333851,0.5144718143690608,ZIZI,-1.0182850523874407,1.2488908973802832,1.2592403307615418,0.6868261549529127,-2.286357391070152,3.094582521042039,-1.456843292052865,2.392561749980086,2.3715472289384723,-0.8167432221747202,-1.4049985539182448,-1.791702240767005,0.4596159054369363
1.0032775382615806,0.9966550325229564,1.0033964196578076,IIII,-1.0182850523874407,1.2488908973802832,1.2592403307615418,0.6868261549529127,-2.286357391070152,3.094582521042039,-1.456843292052865,2.392561749980086,2.3715472289384723,-0.8167432221747202,-1.4049985539182448,-1.791702240767005,0.9325058019691699
0.1592657160407821,0.1337294270141884,0.1413868300977817,IIZZ,-1.0182850523874407,1.2488908973802832,1.2592403307615418,0.6868261549529127,-2.286357391070152,3.094582521042039,-1.456843292052865,2.392561749980086,2.3715472289384723,-0.8167432221747202,-1.4049985539182448,-1.791702240767005,0.17251629592682233
-0.5010935110959873,-0.5410203086099368,-0.5214968949282062,IZII,-1.0182850523874407,1.2488908973802832,1.2592403307615418,0.6868261549529127,-2.286357391070152,3.094582521042039,-1.456843292052865,2.392561749980086,2.3715472289384723,-0.8167432221747202,-1.4049985539182448,-1.791702240767005,-0.5553246961354479
-0.4579102706593861,-0.4967389024359,-0.528076120544077,ZZII,-3.09934089869918,-1.124610373354774,2.395722874802467,1.027749438169816,-1.1523751588831896,-1.753297996616806,-1.7640084031298746,-1.6620331411645806,-1.2212014756287943,1.8094826251539144,-0.7211740122729817,-1.869524392753961,-0.5031788813908906
-0.3297533538321257,-0.3533057430438898,-0.3322191930714916,IIIZ,-1.4885077610262611,0.1805381542170465,-0.4953492610342063,-1.4501387715395424,-2.065788748407232,-2.941855542568512,2.4209862827023,1.060176776142861,1.756330857628579,-1.2002510259019403,1.8075811398208288,-0.4921477922568016,-0.3745623336365739
-0.0114060915279575,-0.0201445461461448,-0.0218861912709157,IIZI,-1.4885077610262611,0.1805381542170465,-0.4953492610342063,-1.4501387715395424,-2.065788748407232,-2.941855542568512,2.4209862827023,1.060176776142861,1.756330857628579,-1.2002510259019403,1.8075811398208288,-0.4921477922568016,0.009109610308289114
0.1179947177739476,0.1042275733695262,0.1334681522647766,YYXX,-1.0182850523874407,1.2488908973802832,1.2592403307615418,0.6868261549529127,-2.286357391070152,3.094582521042039,-1.456843292052865,2.392561749980086,2.3715472289384723,-0.8167432221747202,-1.4049985539182448,-1.791702240767005,0.13261311991724947
-0.1101013197858406,-0.1333126526981858,-0.1223534125329912,XXXX,2.021298106465734,-0.4738607385459734,-2.6139154332377053,3.003587493484746,0.8661948719973358,-0.9471967651709224,2.6327758006019097,2.006085932648067,2.5296771712596597,0.0454946484602123,0.7301686534076008,-2.2626145369724227,-0.11401975780861916
0.1183679820655781,0.1187675527194943,0.0932163100954872,IZIZ,-1.4885077610262611,0.1805381542170465,-0.4953492610342063,-1.4501387715395424,-2.065788748407232,-2.941855542568512,2.4209862827023,1.060176776142861,1.756330857628579,-1.2002510259019403,1.8075811398208288,-0.4921477922568016,0.12471307730190499
-0.4962300395402547,-0.5565238176747654,-0.5243308776489048,ZIII,-1.4885077610262611,0.1805381542170465,-0.4953492610342063,-1.4501387715395424,-2.065788748407232,-2.941855542568512,2.4209862827023,1.060176776142861,1.756330857628579,-1.2002510259019403,1.8075811398208288,-0.4921477922568016,-0.5526334885912917
0.0918632212518158,0.1214355707328367,0.1015707640172544,IZZI,2.021298106465734,-0.4738607385459734,-2.6139154332377053,3.003587493484746,0.8661948719973358,-0.9471967651709224,2.6327758006019097,2.006085932648067,2.5296771712596597,0.0454946484602123,0.7301686534076008,-2.2626145369724227,0.1047037152836276
0.4408436955407027,0.4969471909688457,0.4675931759937118,ZIIZ,-1.4885077610262611,0.1805381542170465,-0.4953492610342063,-1.4501387715395424,-2.065788748407232,-2.941855542568512,2.4209862827023,1.060176776142861,1.756330857628579,-1.2002510259019403,1.8075811398208288,-0.4921477922568016,0.4834292860056123
0.6301016967170371,0.688011720446127,0.6803769837234107,YYYY,-1.4885077610262611,0.1805381542170465,-0.4953492610342063,-1.4501387715395424,-2.065788748407232,-2.941855542568512,2.4209862827023,1.060176776142861,1.756330857628579,-1.2002510259019403,1.8075811398208288,-0.4921477922568016,0.71486031622917
0.0868473043888119,0.0742160390483145,0.0671129250827357,XXYY,-1.4885077610262611,0.1805381542170465,-0.4953492610342063,-1.4501387715395424,-2.065788748407232,-2.941855542568512,2.4209862827023,1.060176776142861,1.756330857628579,-1.2002510259019403,1.8075811398208288,-0.4921477922568016,0.09683376057900536
0.999800399998899,0.9987728254182024,0.992893782469995,IIII,2.021298106465734,-0.4738607385459734,-2.6139154332377053,3.003587493484746,0.8661948719973358,-0.9471967651709224,2.6327758006019097,2.006085932648067,2.5296771712596597,0.0454946484602123,0.7301686534076008,-2.2626145369724227,0.9253693308919659
0.360525596878622,0.4116857424501185,0.4361709250344207,IIIZ,2.021298106465734,-0.4738607385459734,-2.6139154332377053,3.003587493484746,0.8661948719973358,-0.9471967651709224,2.6327758006019097,2.006085932648067,2.5296771712596597,0.0454946484602123,0.7301686534076008,-2.2626145369724227,0.3967790474969612
0.4466932574216594,0.4515118225905728,0.4464899762302795,IZII,2.021298106465734,-0.4738607385459734,-2.6139154332377053,3.003587493484746,0.8661948719973358,-0.9471967651709224,2.6327758006019097,2.006085932648067,2.5296771712596597,0.0454946484602123,0.7301686534076008,-2.2626145369724227,0.4904629460420032
0.2412590279734403,0.2504977620296872,0.2404739707079348,IIZZ,2.021298106465734,-0.4738607385459734,-2.6139154332377053,3.003587493484746,0.8661948719973358,-0.9471967651709224,2.6327758006019097,2.006085932648067,2.5296771712596597,0.0454946484602123,0.7301686534076008,-2.2626145369724227,0.2623941675594678
-0.0225313644834924,-0.0415079289554303,-0.008207866101735,IZIZ,2.021298106465734,-0.4738607385459734,-2.6139154332377053,3.003587493484746,0.8661948719973358,-0.9471967651709224,2.6327758006019097,2.006085932648067,2.5296771712596597,0.0454946484602123,0.7301686534076008,-2.2626145369724227,-0.018692481164249642
0.3952483729752429,0.4561540252056781,0.4107964961122009,ZIZI,-1.4885077610262611,0.1805381542170465,-0.4953492610342063,-1.4501387715395424,-2.065788748407232,-2.941855542568512,2.4209862827023,1.060176776142861,1.756330857628579,-1.2002510259019403,1.8075811398208288,-0.4921477922568016,0.43687712161942893
-0.3423967835359619,-0.4216923366003508,-0.4275684672837911,ZZII,2.4812444440175163,1.1597234262389635,-2.690606842723224,0.5271368863497972,1.1716168221952197,1.505084204634123,-1.5934823708279486,0.6752798007130396,-1.206372855844053,-1.6247124600421652,-1.133908314785335,2.3049350607940617,-0.3651962224443512
0.8482154273933898,0.8889501406002824,0.9129035530380114,IIZI,2.4812444440175163,1.1597234262389635,-2.690606842723224,0.5271368863497972,1.1716168221952197,1.505084204634123,-1.5934823708279486,0.6752798007130396,-1.206372855844053,-1.6247124600421652,-1.133908314785335,2.3049350607940617,0.9226873378493475
-0.1050901034871486,-0.1313913229494668,-0.1089630457009872,XXXX,2.021298106465734,-0.4738607385459734,-2.6139154332377053,3.003587493484746,0.8661948719973358,-0.9471967651709224,2.6327758006019097,2.006085932648067,2.5296771712596597,0.0454946484602123,0.7301686534076008,-2.2626145369724227,-0.1117449771860426
-0.079616444132722,-0.0700366892250607,-0.0782924187368449,ZIII,2.4812444440175163,1.1597234262389635,-2.690606842723224,0.5271368863497972,1.1716168221952197,1.505084204634123,-1.5934823708279486,0.6752798007130396,-1.206372855844053,-1.6247124600421652,-1.133908314785335,2.3049350607940617,-0.08383854909751666
-0.1900908560241292,-0.2023180613387135,-0.2337514533162022,ZIIZ,2.4812444440175163,1.1597234262389635,-2.690606842723224,0.5271368863497972,1.1716168221952197,1.505084204634123,-1.5934823708279486,0.6752798007130396,-1.206372855844053,-1.6247124600421652,-1.133908314785335,2.3049350607940617,-0.20974474324178224
0.0738161926510335,0.0794653477080398,0.0845261226446067,YYYY,2.4812444440175163,1.1597234262389635,-2.690606842723224,0.5271368863497972,1.1716168221952197,1.505084204634123,-1.5934823708279486,0.6752798007130396,-1.206372855844053,-1.6247124600421652,-1.133908314785335,2.3049350607940617,0.09172374954464767
-0.1088690165987358,-0.1317437068863762,-0.1281338944755539,IZZI,-2.5207409298701013,-1.4791190851270075,1.882438566791527,1.9825942433816648,2.327535117986262,2.347016587304278,1.488941560154761,-1.0456709094548375,2.284992422122059,2.2277365195832344,-1.3787650198685577,1.1203722078279927,-0.1217869987219066
0.3220155166844157,0.3393350648551798,0.3596355743415925,ZIZI,-2.5207409298701013,-1.4791190851270075,1.882438566791527,1.9825942433816648,2.327535117986262,2.347016587304278,1.488941560154761,-1.0456709094548375,2.284992422122059,2.2277365195832344,-1.3787650198685577,1.1203722078279927,0.3570585354072529
0.0323889020528371,0.0393518209588859,0.0370752456318595,XXYY,2.4812444440175163,1.1597234262389635,-2.690606842723224,0.5271368863497972,1.1716168221952197,1.505084204634123,-1.5934823708279486,0.6752798007130396,-1.206372855844053,-1.6247124600421652,-1.133908314785335,2.3049350607940617,0.03606956586288954
0.2270519475301695,0.2654760683777971,0.2703457121995249,YYXX,2.4812444440175163,1.1597234262389635,-2.690606842723224,0.5271368863497972,1.1716168221952197,1.505084204634123,-1.5934823708279486,0.6752798007130396,-1.206372855844053,-1.6247124600421652,-1.133908314785335,2.3049350607940617,0.26060008538067264
0.9991262266177732,0.9920772539309568,0.9981921095080586,IIII,-2.5207409298701013,-1.4791190851270075,1.882438566791527,1.9825942433816648,2.327535117986262,2.347016587304278,1.488941560154761,-1.0456709094548375,2.284992422122059,2.2277365195832344,-1.3787650198685577,1.1203722078279927,0.9276495979378748
0.3568188230301112,0.3725646472062807,0.3616074196225954,IIIZ,-2.5207409298701013,-1.4791190851270075,1.882438566791527,1.9825942433816648,2.327535117986262,2.347016587304278,1.488941560154761,-1.0456709094548375,2.284992422122059,2.2277365195832344,-1.3787650198685577,1.1203722078279927,0.39591805648389156
0.0430712251528077,0.0563796286391847,0.0325394016484813,IIZI,-2.5207409298701013,-1.4791190851270075,1.882438566791527,1.9825942433816648,2.327535117986262,2.347016587304278,1.488941560154761,-1.0456709094548375,2.284992422122059,2.2277365195832344,-1.3787650198685577,1.1203722078279927,0.056338598779342226
-0.3626571214919641,-0.4162707527611591,-0.4136741329601133,ZZII,2.4812444440175163,1.1597234262389635,-2.690606842723224,0.5271368863497972,1.1716168221952197,1.505084204634123,-1.5934823708279486,0.6752798007130396,-1.206372855844053,-1.6247124600421652,-1.133908314785335,2.3049350607940617,-0.4023614118452891
0.1361978766656703,0.1395947962627875,0.1438170532266053,IZIZ,-2.5207409298701013,-1.4791190851270075,1.882438566791527,1.9825942433816648,2.327535117986262,2.347016587304278,1.488941560154761,-1.0456709094548375,2.284992422122059,2.2277365195832344,-1.3787650198685577,1.1203722078279927,0.14804493483746262
-0.4155960188560823,-0.4758772673357495,-0.4617444602804305,ZIII,-2.5207409298701013,-1.4791190851270075,1.882438566791527,1.9825942433816648,2.327535117986262,2.347016587304278,1.488941560154761,-1.0456709094548375,2.284992422122059,2.2277365195832344,-1.3787650198685577,1.1203722078279927,-0.44738875860919597
0.1272514595428239,0.1406427520975246,0.1201799392961815,IIZZ,-2.820382521487842,0.2367297510991628,-2.788559925284656,-0.5254421193082659,0.7585824747702912,-2.93673162398942,1.7793359847799382,-2.4223013583226978,-2.6825512651936902,-1.943893676092037,2.5593358894980867,-0.5878751545009715,0.14131694242568557
0.253226048515854,0.2921150736500851,0.3031115343859569,YYXX,-2.5207409298701013,-1.4791190851270075,1.882438566791527,1.9825942433816648,2.327535117986262,2.347016587304278,1.488941560154761,-1.0456709094548375,2.284992422122059,2.2277365195832344,-1.3787650198685577,1.1203722078279927,0.2762505818837803
-0.0338323104408009,-0.0423078454157143,-0.0234846342774596,IZII,-2.820382521487842,0.2367297510991628,-2.788559925284656,-0.5254421193082659,0.7585824747702912,-2.93673162398942,1.7793359847799382,-2.4223013583226978,-2.6825512651936902,-1.943893676092037,2.5593358894980867,-0.5878751545009715,-0.029389957240698622
-0.2260474961117059,-0.2464866345385901,-0.225798315169529,ZIIZ,-2.820382521487842,0.2367297510991628,-2.788559925284656,-0.5254421193082659,0.7585824747702912,-2.93673162398942,1.7793359847799382,-2.4223013583226978,-2.6825512651936902,-1.943893676092037,2.5593358894980867,-0.5878751545009715,-0.24429094182372435
0.5553879749229187,0.6500593462900471,0.5998643961770029,YYYY,-2.820382521487842,0.2367297510991628,-2.788559925284656,-0.5254421193082659,0.7585824747702912,-2.93673162398942,1.7793359847799382,-2.4223013583226978,-2.6825512651936902,-1.943893676092037,2.5593358894980867,-0.5878751545009715,0.6155620154900197
-0.2162337416437131,-0.2576195266161071,-0.247562502564092,XXYY,-2.820382521487842,0.2367297510991628,-2.788559925284656,-0.5254421193082659,0.7585824747702912,-2.93673162398942,1.7793359847799382,-2.4223013583226978,-2.6825512651936902,-1.943893676092037,2.5593358894980867,-0.5878751545009715,-0.24160454648662227
-0.0671815478561235,-0.0505693643942239,-0.0338831362356366,ZIZI,0.8346663505802594,-2.734627436618159,-2.724206339744696,0.0666482280186993,2.7446152966325537,0.8840721108611129,-1.3880659715795098,-2.3238394535682767,2.3515253857699125,1.9258117747465209,0.6549862935090869,-2.962173844314164,-0.0688615299628892
0.995912907906686,1.0013101280055805,0.9933514220345604,IIII,0.8346663505802594,-2.734627436618159,-2.724206339744696,0.0666482280186993,2.7446152966325537,0.8840721108611129,-1.3880659715795098,-2.3238394535682767,2.3515253857699125,1.9258117747465209,0.6549862935090869,-2.962173844314164,0.9308144728768663
0.2697706042366454,0.3418162452039279,0.312573157953972,XXXX,-2.820382521487842,0.2367297510991628,-2.788559925284656,-0.5254421193082659,0.7585824747702912,-2.93673162398942,1.7793359847799382,-2.4223013583226978,-2.6825512651936902,-1.943893676092037,2.5593358894980867,-0.5878751545009715,0.27725404956357336
0.3963229638272738,0.4050589480776967,0.4349777808659021,IIIZ,0.8346663505802594,-2.734627436618159,-2.724206339744696,0.0666482280186993,2.7446152966325537,0.8840721108611129,-1.3880659715795098,-2.3238394535682767,2.3515253857699125,1.9258117747465209,0.6549862935090869,-2.962173844314164,0.43992047221638864
-0.0810396220678188,-0.0849824590806603,-0.1062496467055038,IZZI,-2.820382521487842,0.2367297510991628,-2.788559925284656,-0.5254421193082659,0.7585824747702912,-2.93673162398942,1.7793359847799382,-2.4223013583226978,-2.6825512651936902,-1.943893676092037,2.5593358894980867,-0.5878751545009715,-0.08682853252316415
-0.8023263221669328,-0.8374378095941237,-0.85501718725548,IIZI,0.8346663505802594,-2.734627436618159,-2.724206339744696,0.0666482280186993,2.7446152966325537,0.8840721108611129,-1.3880659715795098,-2.3238394535682767,2.3515253857699125,1.9258117747465209,0.6549862935090869,-2.962173844314164,-0.8858692066447597
-0.4803740135431306,-0.5115357556912615,-0.5098941709971408,IIZZ,0.8346663505802594,-2.734627436618159,-2.724206339744696,0.0666482280186993,2.7446152966325537,0.8840721108611129,-1.3880659715795098,-2.3238394535682767,2.3515253857699125,1.9258117747465209,0.6549862935090869,-2.962173844314164,-0.5177914304966108
-0.3751918154550874,-0.4251150984371128,-0.41346424495845,IZII,0.8565267157700052,0.7576063190152893,1.8531234774914145,-2.025483835234753,-3.0661391158189515,2.0618209252579387,-2.619089226562676,0.933977360077705,-0.7825634299582522,0.4962135759112991,-1.0359626142669645,2.4701414784805813,-0.41917984940259884
0.2169484530574074,0.1974784502179291,0.1949997076073027,ZZII,-2.820382521487842,0.2367297510991628,-2.788559925284656,-0.5254421193082659,0.7585824747702912,-2.93673162398942,1.7793359847799382,-2.4223013583226978,-2.6825512651936902,-1.943893676092037,2.5593358894980867,-0.5878751545009715,0.2378544411993328
0.0904043202879047,0.1109264574716195,0.1053790471492627,IZIZ,0.8565267157700052,0.7576063190152893,1.8531234774914145,-2.025483835234753,-3.0661391158189515,2.0618209252579387,-2.619089226562676,0.933977360077705,-0.7825634299582522,0.4962135759112991,-1.0359626142669645,2.4701414784805813,0.10063586986693135
0.0953943320081379,0.1122279944867984,0.138095450628896,ZIII,0.8346663505802594,-2.734627436618159,-2.724206339744696,0.0666482280186993,2.7446152966325537,0.8840721108611129,-1.3880659715795098,-2.3238394535682767,2.3515253857699125,1.9258117747465209,0.6549862935090869,-2.962173844314164,0.10150902623263645
0.0124152544608442,0.0046902912726288,0.017064641097606,ZIIZ,0.8565267157700052,0.7576063190152893,1.8531234774914145,-2.025483835234753,-3.0661391158189515,2.0618209252579387,-2.619089226562676,0.933977360077705,-0.7825634299582522,0.4962135759112991,-1.0359626142669645,2.4701414784805813,0.012558833098377045
0.1661186410135228,0.195624008853821,0.1930626325447027,YYYY,0.8346663505802594,-2.734627436618159,-2.724206339744696,0.0666482280186993,2.7446152966325537,0.8840721108611129,-1.3880659715795098,-2.3238394535682767,2.3515253857699125,1.9258117747465209,0.6549862935090869,-2.962173844314164,0.17947659958214573
0.5495175420761129,0.6036653735332062,0.5684076689007531,XXYY,0.8565267157700052,0.7576063190152893,1.8531234774914145,-2.025483835234753,-3.0661391158189515,2.0618209252579387,-2.619089226562676,0.933977360077705,-0.7825634299582522,0.4962135759112991,-1.0359626142669645,2.4701414784805813,0.6107656046805382
-0.3268223193774164,-0.3729285345299247,-0.3270745904168732,YYXX,0.8565267157700052,0.7576063190152893,1.8531234774914145,-2.025483835234753,-3.0661391158189515,2.0618209252579387,-2.619089226562676,0.933977360077705,-0.7825634299582522,0.4962135759112991,-1.0359626142669645,2.4701414784805813,-0.35423949152412604
0.3246374938321154,0.3532913699780153,0.3710456186914896,IZZI,0.8346663505802594,-2.734627436618159,-2.724206339744696,0.0666482280186993,2.7446152966325537,0.8840721108611129,-1.3880659715795098,-2.3238394535682767,2.3515253857699125,1.9258117747465209,0.6549862935090869,-2.962173844314164,0.3623916411847403
-0.5876041207113437,-0.6481585873672688,-0.6286763697585197,ZZII,0.8565267157700052,0.7576063190152893,1.8531234774914145,-2.025483835234753,-3.0661391158189515,2.0618209252579387,-2.619089226562676,0.933977360077705,-0.7825634299582522,0.4962135759112991,-1.0359626142669645,2.4701414784805813,-0.6389332932887853
-0.201457988482941,-0.2293057192776545,-0.2180683035451622,IIIZ,0.8565267157700052,0.7576063190152893,1.8531234774914145,-2.025483835234753,-3.0661391158189515,2.0618209252579387,-2.619089226562676,0.933977360077705,-0.7825634299582522,0.4962135759112991,-1.0359626142669645,2.4701414784805813,-0.21939950999989336
-0.3789913341811045,-0.4250404314930187,-0.3845014272998352,IZII,0.8565267157700052,0.7576063190152893,1.8531234774914145,-2.025483835234753,-3.0661391158189515,2.0618209252579387,-2.619089226562676,0.933977360077705,-0.7825634299582522,0.4962135759112991,-1.0359626142669645,2.4701414784805813,-0.4248153233966226
-0.428013723871626,-0.4605721323548953,-0.4973981115930399,XXXX,1.0598619764157782,-0.19370945068431,2.8856748451229643,-0.5183569087410538,-0.5505248512980221,0.15131772251664,-1.7998023629919708,-0.2442155233442471,1.0896522568900249,-1.6817910461446748,2.300721651726225,-0.9163576359265764,-0.46077366798403496
-0.0279774640227498,-0.0369578099045281,-0.0232095039519172,ZIZI,1.0598619764157782,-0.19370945068431,2.8856748451229643,-0.5183569087410538,-0.5505248512980221,0.15131772251664,-1.7998023629919708,-0.2442155233442471,1.0896522568900249,-1.6817910461446748,2.300721651726225,-0.9163576359265764,-0.021296412145530734
1.0031116191833331,1.0059795039187354,0.998671880754068,IIII,1.0598619764157782,-0.19370945068431,2.8856748451229643,-0.5183569087410538,-0.5505248512980221,0.15131772251664,-1.7998023629919708,-0.2442155233442471,1.0896522568900249,-1.6817910461446748,2.300721651726225,-0.9163576359265764,0.9342416652404176
0.0402898621636158,0.0229595498154986,0.0386822049634214,IIZI,1.0598619764157782,-0.19370945068431,2.8856748451229643,-0.5183569087410538,-0.5505248512980221,0.15131772251664,-1.7998023629919708,-0.2442155233442471,1.0896522568900249,-1.6817910461446748,2.300721651726225,-0.9163576359265764,0.045881061653159236
-0.2472278545527066,-0.2601610585609973,-0.2423276902461349,IZIZ,1.0598619764157782,-0.19370945068431,2.8856748451229643,-0.5183569087410538,-0.5505248512980221,0.15131772251664,-1.7998023629919708,-0.2442155233442471,1.0896522568900249,-1.6817910461446748,2.300721651726225,-0.9163576359265764,-0.26231190290109924
-0.1821916384029695,-0.204567199208032,-0.1967913570956568,YYYY,1.3696744836858257,1.8387901072975268,2.2000682683334016,-2.004862335460434,-0.4026869586793351,-3.0507767293466705,2.3932360821847807,0.3648482701911688,-2.3217898337344574,-2.8103155505773865,0.6630635796080764,0.5907749824985298,-0.19442553115103123
0.4396213829016164,0.491743017100226,0.4815071746342974,IIZZ,1.0598619764157782,-0.19370945068431,2.8856748451229643,-0.5183569087410538,-0.5505248512980221,0.15131772251664,-1.7998023629919708,-0.2442155233442471,1.0896522568900249,-1.6817910461446748,2.300721651726225,-0.9163576359265764,0.48782244807612896
-0.0006314415475438,0.0011555374393077,0.0086319272804583,XXYY,1.3696744836858257,1.8387901072975268,2.2000682683334016,-2.004862335460434,-0.4026869586793351,-3.0507767293466705,2.3932360821847807,0.3648482701911688,-2.3217898337344574,-2.8103155505773865,0.6630635796080764,0.5907749824985298,0.007849767645567596
-0.0925588929403203,-0.1029315622122907,-0.1142969853675229,YYXX,1.3696744836858257,1.8387901072975268,2.2000682683334016,-2.004862335460434,-0.4026869586793351,-3.0507767293466705,2.3932360821847807,0.3648482701911688,-2.3217898337344574,-2.8103155505773865,0.6630635796080764,0.5907749824985298,-0.10156894542586219
-0.3548890243331805,-0.3791213606164081,-0.3667673909621572,ZIII,1.0598619764157782,-0.19370945068431,2.8856748451229643,-0.5183569087410538,-0.5505248512980221,0.15131772251664,-1.7998023629919708,-0.2442155233442471,1.0896522568900249,-1.6817910461446748,2.300721651726225,-0.9163576359265764,-0.39275178993140464
-0.0220823336148555,-0.0347894146983712,-0.0254880483416239,XXXX,1.3696744836858257,1.8387901072975268,2.2000682683334016,-2.004862335460434,-0.4026869586793351,-3.0507767293466705,2.3932360821847807,0.3648482701911688,-2.3217898337344574,-2.8103155505773865,0.6630635796080764,0.5907749824985298,-0.025424786292531854
-0.5775232234924642,-0.6400072367035279,-0.6167056150438368,IZZI,1.3696744836858257,1.8387901072975268,2.2000682683334016,-2.004862335460434,-0.4026869586793351,-3.0507767293466705,2.3932360821847807,0.3648482701911688,-2.3217898337344574,-2.8103155505773865,0.6630635796080764,0.5907749824985298,-0.6374166272339119
-0.0512082809216906,-0.0551968482437718,-0.0477963426998794,ZIIZ,1.0598619764157782,-0.19370945068431,2.8856748451229643,-0.5183569087410538,-0.5505248512980221,0.15131772251664,-1.7998023629919708,-0.2442155233442471,1.0896522568900249,-1.6817910461446748,2.300721651726225,-0.9163576359265764,-0.05515008880287782
0.3862325429559055,0.4119100579320777,0.4299725523696004,ZZII,1.3696744836858257,1.8387901072975268,2.2000682683334016,-2.004862335460434,-0.4026869586793351,-3.0507767293466705,2.3932360821847807,0.3648482701911688,-2.3217898337344574,-2.8103155505773865,0.6630635796080764,0.5907749824985298,0.4329397014571626
-0.4321007638364363,-0.4537942601653796,-0.4370580504270645,IIZI,1.3696744836858257,1.8387901072975268,2.2000682683334016,-2.004862335460434,-0.4026869586793351,-3.0507767293466705,2.3932360821847807,0.3648482701911688,-2.3217898337344574,-2.8103155505773865,0.6630635796080764,0.5907749824985298,-0.4749856756948685
-0.0931704315823435,-0.1119934064417486,-0.0930355818611324,ZIZI,-2.0783290877572336,-1.3119856371744285,-2.1521664967341523,2.289322371201062,-2.912786472533564,-0.333274701882353,1.083856400972273,-0.3674771123082929,-1.33301959906574,-1.7909023353677984,0.915034158474179,-1.4936050728613584,-0.10066024123686451
-0.3262625236715499,-0.3834955995568448,-0.3735478761291165,IZIZ,1.3696744836858257,1.8387901072975268,2.2000682683334016,-2.004862335460434,-0.4026869586793351,-3.0507767293466705,2.3932360821847807,0.3648482701911688,-2.3217898337344574,-2.8103155505773865,0.6630635796080764,0.5907749824985298,-0.36258826740100875
0.132693091490445,0.1365752952986894,0.1442798718252075,IIZZ,-2.0783290877572336,-1.3119856371744285,-2.1521664967341523,2.289322371201062,-2.912786472533564,-0.333274701882353,1.083856400972273,-0.3674771123082929,-1.33301959906574,-1.7909023353677984,0.915034158474179,-1.4936050728613584,0.14543758101382773
-0.3947857723563984,-0.3782384361839905,-0.3791129107825902,IIIZ,-2.0783290877572336,-1.3119856371744285,-2.1521664967341523,2.289322371201062,-2.912786472533564,-0.333274701882353,1.083856400972273,-0.3674771123082929,-1.33301959906574,-1.7909023353677984,0.915034158474179,-1.4936050728613584,-0.4403994135744947
0.9923050209680048,0.9926876270179864,1.044313469746402,IIII,-2.0783290877572336,-1.3119856371744285,-2.1521664967341523,2.289322371201062,-2.912786472533564,-0.333274701882353,1.083856400972273,-0.3674771123082929,-1.33301959906574,-1.7909023353677984,0.915034158474179,-1.4936050728613584,0.9391602731194202
0.0095604980324485,0.0020280733048648,-0.025158036062057,IZII,-2.0783290877572336,-1.3119856371744285,-2.1521664967341523,2.289322371201062,-2.912786472533564,-0.333274701882353,1.083856400972273,-0.3674771123082929,-1.33301959906574,-1.7909023353677984,0.915034158474179,-1.4936050728613584,0.015481804163035245
0.6618359348329922,0.713303662284542,0.7040797003536468,ZIII,-2.0783290877572336,-1.3119856371744285,-2.1521664967341523,2.289322371201062,-2.912786472533564,-0.333274701882353,1.083856400972273,-0.3674771123082929,-1.33301959906574,-1.7909023353677984,0.915034158474179,-1.4936050728613584,0.7305396340592034
-0.2656166967591454,-0.2832607753575479,-0.3154584358021716,ZIIZ,-2.0783290877572336,-1.3119856371744285,-2.1521664967341523,2.289322371201062,-2.912786472533564,-0.333274701882353,1.083856400972273,-0.3674771123082929,-1.33301959906574,-1.7909023353677984,0.915034158474179,-1.4936050728613584,-0.28836986666985676
-0.2802097994830329,-0.3254067503391539,-0.3289269772576221,YYYY,0.8041166781938172,2.114673714293107,0.5294231450183697,-2.882373035437348,-2.7370420365697927,0.4467759263017568,-1.031141832287576,2.252838692222709,0.3171127106817066,-1.6370642051152418,0.1411125470035998,0.3964143848184021,-0.2962680916470813
0.209463261782076,0.2368545443929484,0.2356972988119306,XXYY,-2.0783290877572336,-1.3119856371744285,-2.1521664967341523,2.289322371201062,-2.912786472533564,-0.333274701882353,1.083856400972273,-0.3674771123082929,-1.33301959906574,-1.7909023353677984,0.915034158474179,-1.4936050728613584,0.22533079724520952
0.3074966119241038,0.3554914353220731,0.3182004420465648,YYXX,0.8041166781938172,2.114673714293107,0.5294231450183697,-2.882373035437348,-2.7370420365697927,0.4467759263017568,-1.031141832287576,2.252838692222709,0.3171127106817066,-1.6370642051152418,0.1411125470035998,0.3964143848184021,0.3401137865390145
-0.1553947523010305,-0.1907628165828636,-0.189987647851434,XXXX,0.8041166781938172,2.114673714293107,0.5294231450183697,-2.882373035437348,-2.7370420365697927,0.4467759263017568,-1.031141832287576,2.252838692222709,0.3171127106817066,-1.6370642051152418,0.1411125470035998,0.3964143848184021,-0.17207313650121062
-0.4328375895385219,-0.4402552980413773,-0.4348596160817084,IIIZ,3.0933576983663764,2.2829879721031032,-2.925922180926862,1.6939406190197932,2.518964581363951,-0.1233599448231279,2.5822043647176667,2.329509857462714,1.9515897290758453,0.8308250531569108,-0.8195562542655335,0.466327053457388,-0.45969827901827975
-0.2276755421914633,-0.2489264879751464,-0.2015801554988314,IIZZ,3.0933576983663764,2.2829879721031032,-2.925922180926862,1.6939406190197932,2.518964581363951,-0.1233599448231279,2.5822043647176667,2.329509857462714,1.9515897290758453,0.8308250531569108,-0.8195562542655335,0.466327053457388,-0.24732041788366083
0.0940290315212065,0.1142177932853529,0.1044059933324002,IZZI,0.8041166781938172,2.114673714293107,0.5294231450183697,-2.882373035437348,-2.7370420365697927,0.4467759263017568,-1.031141832287576,2.252838692222709,0.3171127106817066,-1.6370642051152418,0.1411125470035998,0.3964143848184021,0.10970045245280229
0.175063550870283,0.2251054081537997,0.2007442911226232,ZIZI,0.8041166781938172,2.114673714293107,0.5294231450183697,-2.882373035437348,-2.7370420365697927,0.4467759263017568,-1.031141832287576,2.252838692222709,0.3171127106817066,-1.6370642051152418,0.1411125470035998,0.3964143848184021,0.1931051097867389
0.4531389156800957,0.5155497245173777,0.4652283945253974,IZII,3.0933576983663764,2.2829879721031032,-2.925922180926862,1.6939406190197932,2.518964581363951,-0.1233599448231279,2.5822043647176667,2.329509857462714,1.9515897290758453,0.8308250531569108,-0.8195562542655335,0.466327053457388,0.49300237354548865
1.0012673293416867,1.003695770008431,0.9777914752735408,IIII,0.8041166781938172,2.114673714293107,0.5294231450183697,-2.882373035437348,-2.7370420365697927,0.4467759263017568,-1.031141832287576,2.252838692222709,0.3171127106817066,-1.6370642051152418,0.1411125470035998,0.3964143848184021,0.9303355446512491
0.1869937418090864,0.2109566030715251,0.2086181273935415,ZZII,0.8041166781938172,2.114673714293107,0.5294231450183697,-2.882373035437348,-2.7370420365697927,0.4467759263017568,-1.031141832287576,2.252838692222709,0.3171127106817066,-1.6370642051152418,0.1411125470035998,0.3964143848184021,0.2072552087636956
-0.4279729324456171,-0.4513357376993121,-0.4493689866971727,IIZI,0.8041166781938172,2.114673714293107,0.5294231450183697,-2.882373035437348,-2.7370420365697927,0.4467759263017568,-1.031141832287576,2.252838692222709,0.3171127106817066,-1.6370642051152418,0.1411125470035998,0.3964143848184021,-0.44893685785090953
0.1070019133352345,0.1032157268592378,0.1118666720876916,ZIIZ,3.0933576983663764,2.2829879721031032,-2.925922180926862,1.6939406190197932,2.518964581363951,-0.1233599448231279,2.5822043647176667,2.329509857462714,1.9515897290758453,0.8308250531569108,-0.8195562542655335,0.466327053457388,0.11589193335024857
0.2688846427139368,0.3111734384072007,0.2842648284738455,YYYY,3.0933576983663764,2.2829879721031032,-2.925922180926862,1.6939406190197932,2.518964581363951,-0.1233599448231279,2.5822043647176667,2.329509857462714,1.9515897290758453,0.8308250531569108,-0.8195562542655335,0.466327053457388,0.2812300335516877
-0.2138758883374751,-0.2486410889939237,-0.2633397600039858,XXXX,3.0933576983663764,2.2829879721031032,-2.925922180926862,1.6939406190197932,2.518964581363951,-0.1233599448231279,2.5822043647176667,2.329509857462714,1.9515897290758453,0.8308250531569108,-0.8195562542655335,0.466327053457388,-0.2326821709423117
-0.1868786269225603,-0.2253988613683339,-0.2181694282954062,YYXX,3.0933576983663764,2.2829879721031032,-2.925922180926862,1.6939406190197932,2.518964581363951,-0.1233599448231279,2.5822043647176667,2.329509857462714,1.9515897290758453,0.8308250531569108,-0.8195562542655335,0.466327053457388,-0.2089136072512794
0.549383943930391,0.6224172052409346,0.6327271548209358,IZZI,3.0933576983663764,2.2829879721031032,-2.925922180926862,1.6939406190197932,2.518964581363951,-0.1233599448231279,2.5822043647176667,2.329509857462714,1.9515897290758453,0.8308250531569108,-0.8195562542655335,0.466327053457388,0.602210462119792
-0.0807261970487783,-0.0817454169840685,-0.0768686229543973,ZIII,-2.790902073419816,-0.9589234567476428,0.2151913688198785,-1.6285674467134317,1.5314099404164878,1.7832273260193778,-0.3105340023061202,-1.453274325109945,0.1140949014262746,0.310419023166284,-2.8306506619933014,0.5136827266453232,-0.08733822596138084
0.3790948701671229,0.4428695191619404,0.4032521433828196,IZIZ,-2.790902073419816,-0.9589234567476428,0.2151913688198785,-1.6285674467134317,1.5314099404164878,1.7832273260193778,-0.3105340023061202,-1.453274325109945,0.1140949014262746,0.310419023166284,-2.8306506619933014,0.5136827266453232,0.40715255127665934
-0.3185806609936282,-0.3351458918448506,-0.3583597982724626,XXYY,-2.790902073419816,-0.9589234567476428,0.2151913688198785,-1.6285674467134317,1.5314099404164878,1.7832273260193778,-0.3105340023061202,-1.453274325109945,0.1140949014262746,0.310419023166284,-2.8306506619933014,0.5136827266453232,-0.3444193563255949
0.3157861227549515,0.3729718645659569,0.3712109898014513,ZIZI,-2.790902073419816,-0.9589234567476428,0.2151913688198785,-1.6285674467134317,1.5314099404164878,1.7832273260193778,-0.3105340023061202,-1.453274325109945,0.1140949014262746,0.310419023166284,-2.8306506619933014,0.5136827266453232,0.3550683866190871
-0.0332795296642257,-0.0423534505386716,-0.0312338477218017,IIZZ,2.234191760756281,-1.4792923759439054,1.511514447653763,-1.5148350595027245,-2.0069975516422502,2.4595852813716848,1.2598138176412377,-0.7402668261490981,-1.5339386625393148,2.900291507678636,-1.654056491350168,2.698694432903541,-0.029390051341149106
0.7669641094073401,0.8209103508247558,0.7955805513185282,ZZII,-2.790902073419816,-0.9589234567476428,0.2151913688198785,-1.6285674467134317,1.5314099404164878,1.7832273260193778,-0.3105340023061202,-1.453274325109945,0.1140949014262746,0.310419023166284,-2.8306506619933014,0.5136827266453232,0.8401916738167716
0.0677423393700055,0.0816045321706293,0.0997591633525314,IZIZ,2.234191760756281,-1.4792923759439054,1.511514447653763,-1.5148350595027245,-2.0069975516422502,2.4595852813716848,1.2598138176412377,-0.7402668261490981,-1.5339386625393148,2.900291507678636,-1.654056491350168,2.698694432903541,0.08033171626724821
0.9767642078024764,0.9881597342730228,1.0036814320363356,IIII,-2.790902073419816,-0.9589234567476428,0.2151913688198785,-1.6285674467134317,1.5314099404164878,1.7832273260193778,-0.3105340023061202,-1.453274325109945,0.1140949014262746,0.310419023166284,-2.8306506619933014,0.5136827266453232,0.9319820493106615
0.1756989684207492,0.2052593966599577,0.2302257408260875,IZII,2.234191760756281,-1.4792923759439054,1.511514447653763,-1.5148350595027245,-2.0069975516422502,2.4595852813716848,1.2598138176412377,-0.7402668261490981,-1.5339386625393148,2.900291507678636,-1.654056491350168,2.698694432903541,0.1981985860596723
-0.3444917271016722,-0.3621741451314894,-0.3879707722080102,IIIZ,-2.790902073419816,-0.9589234567476428,0.2151913688198785,-1.6285674467134317,1.5314099404164878,1.7832273260193778,-0.3105340023061202,-1.453274325109945,0.1140949014262746,0.310419023166284,-2.8306506619933014,0.5136827266453232,-0.36077155794730514
0.1680128108331355,0.1833201166681819,0.1812695319876619,ZIII,2.234191760756281,-1.4792923759439054,1.511514447653763,-1.5148350595027245,-2.0069975516422502,2.4595852813716848,1.2598138176412377,-0.7402668261490981,-1.5339386625393148,2.900291507678636,-1.654056491350168,2.698694432903541,0.1739893222101741
-0.0618965564815966,-0.1019879342724207,-0.0924212056494004,ZIIZ,2.763661173800746,-3.0649967098132294,-1.7243394385103796,-0.9352952677423264,-2.329676180867781,-0.9949971055477148,0.2310192944948315,-2.6998950100391665,-0.8070218558872568,-0.8412482162579651,0.0248177488886138,1.5511145511254298,-0.06200264056305657
0.0292893853551009,0.0251325603905313,0.0632559020003578,IIZI,-2.790902073419816,-0.9589234567476428,0.2151913688198785,-1.6285674467134317,1.5314099404164878,1.7832273260193778,-0.3105340023061202,-1.453274325109945,0.1140949014262746,0.310419023166284,-2.8306506619933014,0.5136827266453232,0.038958201876192436
-0.3685010165724521,-0.4199716900599605,-0.4086210876071737,YYYY,2.234191760756281,-1.4792923759439054,1.511514447653763,-1.5148350595027245,-2.0069975516422502,2.4595852813716848,1.2598138176412377,-0.7402668261490981,-1.5339386625393148,2.900291507678636,-1.654056491350168,2.698694432903541,-0.40662087998634855
-0.0048453019883239,0.0191005711972678,-0.0119756268951167,XXYY,2.763661173800746,-3.0649967098132294,-1.7243394385103796,-0.9352952677423264,-2.329676180867781,-0.9949971055477148,0.2310192944948315,-2.6998950100391665,-0.8070218558872568,-0.8412482162579651,0.0248177488886138,1.5511145511254298,0.010220938554587828
-0.2974647468818086,-0.3335195642268652,-0.2917939899668395,XXXX,2.763661173800746,-3.0649967098132294,-1.7243394385103796,-0.9352952677423264,-2.329676180867781,-0.9949971055477148,0.2310192944948315,-2.6998950100391665,-0.8070218558872568,-0.8412482162579651,0.0248177488886138,1.5511145511254298,-0.32883046655883524
-0.1871700473794461,-0.2191888458325,-0.2141967576271408,YYXX,2.234191760756281,-1.4792923759439054,1.511514447653763,-1.5148350595027245,-2.0069975516422502,2.4595852813716848,1.2598138176412377,-0.7402668261490981,-1.5339386625393148,2.900291507678636,-1.654056491350168,2.698694432903541,-0.20883257159388596
0.281293861837672,0.3282862227509476,0.3138723657257358,ZIZI,2.763661173800746,-3.0649967098132294,-1.7243394385103796,-0.9352952677423264,-2.329676180867781,-0.9949971055477148,0.2310192944948315,-2.6998950100391665,-0.8070218558872568,-0.8412482162579651,0.0248177488886138,1.5511145511254298,0.31067836127679194
0.2423557922702396,0.2613009182125164,0.2485605844060262,IZZI,2.234191760756281,-1.4792923759439054,1.511514447653763,-1.5148350595027245,-2.0069975516422502,2.4595852813716848,1.2598138176412377,-0.7402668261490981,-1.5339386625393148,2.900291507678636,-1.654056491350168,2.698694432903541,0.2689187401004744
0.09286013525185,0.1292431683082258,0.0965581531655857,IIIZ,2.763661173800746,-3.0649967098132294,-1.7243394385103796,-0.9352952677423264,-2.329676180867781,-0.9949971055477148,0.2310192944948315,-2.6998950100391665,-0.8070218558872568,-0.8412482162579651,0.0248177488886138,1.5511145511254298,0.1029071677561778
1.0028130052805209,1.0111602502914798,1.0196687433028695,IIII,2.234191760756281,-1.4792923759439054,1.511514447653763,-1.5148350595027245,-2.0069975516422502,2.4595852813716848,1.2598138176412377,-0.7402668261490981,-1.5339386625393148,2.900291507678636,-1.654056491350168,2.698694432903541,0.9225988066756102
-0.0778792185783588,-0.0980607900920822,-0.1051146066650978,IZII,2.763661173800746,-3.0649967098132294,-1.7243394385103796,-0.9352952677423264,-2.329676180867781,-0.9949971055477148,0.2310192944948315,-2.6998950100391665,-0.8070218558872568,-0.8412482162579651,0.0248177488886138,1.5511145511254298,-0.08635357825427403
-0.7257590682150729,-0.7710029020360392,-0.7206749613558929,ZIII,2.763661173800746,-3.0649967098132294,-1.7243394385103796,-0.9352952677423264,-2.329676180867781,-0.9949971055477148,0.2310192944948315,-2.6998950100391665,-0.8070218558872568,-0.8412482162579651,0.0248177488886138,1.5511145511254298,-0.8165241618031086
-0.041483915194644,-0.0418041436831122,-0.055370937948583,ZZII,1.6446301658471247,1.689677185153,-0.9531001889654176,-2.28489970022654,2.3621291140124,-0.3852826110863696,-1.9553600307023964,-3.1330090528877386,-2.5502976091640823,-2.6124849063740028,-2.8095598985966426,3.088291471534098,-0.05960717728812389
-0.0078713414066306,-0.0160962508615206,-0.0056009304155234,IIZI,1.6446301658471247,1.689677185153,-0.9531001889654176,-2.28489970022654,2.3621291140124,-0.3852826110863696,-1.9553600307023964,-3.1330090528877386,-2.5502976091640823,-2.6124849063740028,-2.8095598985966426,3.088291471534098,0.0019891800541404765
-0.4758922412758404,-0.4995817778011491,-0.5230372156620222,IZIZ,1.6446301658471247,1.689677185153,-0.9531001889654176,-2.28489970022654,2.3621291140124,-0.3852826110863696,-1.9553600307023964,-3.1330090528877386,-2.5502976091640823,-2.6124849063740028,-2.8095598985966426,3.088291471534098,-0.5124146984612807
-0.1786401530956824,-0.2032574083928246,-0.179130196218346,YYYY,2.763661173800746,-3.0649967098132294,-1.7243394385103796,-0.9352952677423264,-2.329676180867781,-0.9949971055477148,0.2310192944948315,-2.6998950100391665,-0.8070218558872568,-0.8412482162579651,0.0248177488886138,1.5511145511254298,-0.19664759411889485
-0.0572173782415234,-0.0746551713123088,-0.108475919724419,IIZZ,1.6446301658471247,1.689677185153,-0.9531001889654176,-2.28489970022654,2.3621291140124,-0.3852826110863696,-1.9553600307023964,-3.1330090528877386,-2.5502976091640823,-2.6124849063740028,-2.8095598985966426,3.088291471534098,-0.06669435009175605
-0.3021693371834915,-0.3265339029498669,-0.3238731706045667,XXXX,1.9272754947910584,-2.909649281554396,-2.356879180414466,-2.237693620152129,0.4748842511786004,2.9938486709170453,2.1180975364852825,-2.369729518677426,-2.4129856373430294,0.8710008046478785,-0.6176247891089908,1.8135180886816675,-0.3352835475257791
0.0028761290989956,-0.0083993511367272,0.0019733517955847,IZZI,1.9272754947910584,-2.909649281554396,-2.356879180414466,-2.237693620152129,0.4748842511786004,2.9938486709170453,2.1180975364852825,-2.369729518677426,-2.4129856373430294,0.8710008046478785,-0.6176247891089908,1.8135180886816675,0.003931925291929893
-0.2245349294394737,-0.2360361205380538,-0.2405841835592665,ZIZI,1.9272754947910584,-2.909649281554396,-2.356879180414466,-2.237693620152129,0.4748842511786004,2.9938486709170453,2.1180975364852825,-2.369729518677426,-2.4129856373430294,0.8710008046478785,-0.6176247891089908,1.8135180886816675,-0.24414916463895106
0.0318769420278584,0.0486420578649561,0.0272940191361052,ZIIZ,1.6446301658471247,1.689677185153,-0.9531001889654176,-2.28489970022654,2.3621291140124,-0.3852826110863696,-1.9553600307023964,-3.1330090528877386,-2.5502976091640823,-2.6124849063740028,-2.8095598985966426,3.088291471534098,0.03386930339683772
0.998460993560913,1.0039366866281731,0.9942157701634308,IIII,1.9272754947910584,-2.909649281554396,-2.356879180414466,-2.237693620152129,0.4748842511786004,2.9938486709170453,2.1180975364852825,-2.369729518677426,-2.4129856373430294,0.8710008046478785,-0.6176247891089908,1.8135180886816675,0.925069411456903
-0.1509437572024682,-0.1289235593077891,-0.1323000459718367,XXYY,1.6446301658471247,1.689677185153,-0.9531001889654176,-2.28489970022654,2.3621291140124,-0.3852826110863696,-1.9553600307023964,-3.1330090528877386,-2.5502976091640823,-2.6124849063740028,-2.8095598985966426,3.088291471534098,-0.16575291892021185
-0.0391504502872264,-0.0568712010724307,-0.0685766736442967,YYXX,1.6446301658471247,1.689677185153,-0.9531001889654176,-2.28489970022654,2.3621291140124,-0.3852826110863696,-1.9553600307023964,-3.1330090528877386,-2.5502976091640823,-2.6124849063740028,-2.8095598985966426,3.088291471534098,-0.05497235011744944
-0.0458925868037963,-0.0300238133291199,-0.0359098826573692,ZZII,1.6446301658471247,1.689677185153,-0.9531001889654176,-2.28489970022654,2.3621291140124,-0.3852826110863696,-1.9553600307023964,-3.1330090528877386,-2.5502976091640823,-2.6124849063740028,-2.8095598985966426,3.088291471534098,-0.06011071482846856
-0.2063925004969851,-0.2503545342520576,-0.2436057349309188,IZII,1.9272754947910584,-2.909649281554396,-2.356879180414466,-2.237693620152129,0.4748842511786004,2.9938486709170453,2.1180975364852825,-2.369729518677426,-2.4129856373430294,0.8710008046478785,-0.6176247891089908,1.8135180886816675,-0.22954286580277775
0.0924814859543935,0.1062304625617734,0.0805549950533404,IIIZ,1.9177749612395,1.868296826403744,2.9508301270330897,-1.5595371353707683,-0.8111062127315436,0.9263502568780088,-2.9391441539926086,1.7589876281999135,0.8192687602705822,-0.1608824686598873,0.6899939913531048,1.0587194402796047,0.10803412492811894
-0.435452423671078,-0.4718896662911994,-0.4710262743152451,ZIII,1.9272754947910584,-2.909649281554396,-2.356879180414466,-2.237693620152129,0.4748842511786004,2.9938486709170453,2.1180975364852825,-2.369729518677426,-2.4129856373430294,0.8710008046478785,-0.6176247891089908,1.8135180886816675,-0.4824328925687723
-0.1277266148758775,-0.160932192696831,-0.1332323379571937,ZIIZ,1.9272754947910584,-2.909649281554396,-2.356879180414466,-2.237693620152129,0.4748842511786004,2.9938486709170453,2.1180975364852825,-2.369729518677426,-2.4129856373430294,0.8710008046478785,-0.6176247891089908,1.8135180886816675,-0.14147717488190342
-0.0483955453872009,-0.080836287334648,-0.0378803840929868,IIZI,1.9177749612395,1.868296826403744,2.9508301270330897,-1.5595371353707683,-0.8111062127315436,0.9263502568780088,-2.9391441539926086,1.7589876281999135,0.8192687602705822,-0.1608824686598873,0.6899939913531048,1.0587194402796047,-0.057806493210129935
0.0045475315087871,0.0085542620095421,-0.0474043019832432,IIZZ,1.9177749612395,1.868296826403744,2.9508301270330897,-1.5595371353707683,-0.8111062127315436,0.9263502568780088,-2.9391441539926086,1.7589876281999135,0.8192687602705822,-0.1608824686598873,0.6899939913531048,1.0587194402796047,0.007880298578590975
-0.3564668444478563,-0.4008783272852621,-0.4133791878898968,YYYY,1.9272754947910584,-2.909649281554396,-2.356879180414466,-2.237693620152129,0.4748842511786004,2.9938486709170453,2.1180975364852825,-2.369729518677426,-2.4129856373430294,0.8710008046478785,-0.6176247891089908,1.8135180886816675,-0.38633568733502016
0.3758944053114241,0.4202444447905044,0.3951296138973177,IZIZ,1.9177749612395,1.868296826403744,2.9508301270330897,-1.5595371353707683,-0.8111062127315436,0.9263502568780088,-2.9391441539926086,1.7589876281999135,0.8192687602705822,-0.1608824686598873,0.6899939913531048,1.0587194402796047,0.4074544740547047
0.440869219057073,0.4725110082133849,0.4608133990110486,XXXX,1.9177749612395,1.868296826403744,2.9508301270330897,-1.5595371353707683,-0.8111062127315436,0.9263502568780088,-2.9391441539926086,1.7589876281999135,0.8192687602705822,-0.1608824686598873,0.6899939913531048,1.0587194402796047,0.48801392774986135
0.256937344069459,0.3074611632080958,0.3294156819178531,XXYY,1.9177749612395,1.868296826403744,2.9508301270330897,-1.5595371353707683,-0.8111062127315436,0.9263502568780088,-2.9391441539926086,1.7589876281999135,0.8192687602705822,-0.1608824686598873,0.6899939913531048,1.0587194402796047,0.28444435879793206
-0.3766332482011002,-0.4396867550555938,-0.4250533284426341,YYXX,-0.7829291373050897,2.26414058581157,0.337424033106017,-1.5716296955824751,-2.4391472971994816,-2.5371480818370764,1.4974070905633203,1.547965968858798,-2.479880265485863,0.8606470632454721,0.7485251177602694,-1.5299196811127105,-0.4141172568727398
0.1149071961141166,0.1283924474705843,0.1335261094309437,IZZI,1.9177749612395,1.868296826403744,2.9508301270330897,-1.5595371353707683,-0.8111062127315436,0.9263502568780088,-2.9391441539926086,1.7589876281999135,0.8192687602705822,-0.1608824686598873,0.6899939913531048,1.0587194402796047,0.11824669234549588
1.0208665351535602,1.010244284752439,1.0198185432544509,IIII,1.9177749612395,1.868296826403744,2.9508301270330897,-1.5595371353707683,-0.8111062127315436,0.9263502568780088,-2.9391441539926086,1.7589876281999135,0.8192687602705822,-0.1608824686598873,0.6899939913531048,1.0587194402796047,0.9281209186720527
0.5152081056748513,0.5269711384645578,0.5388502622516627,IIIZ,-0.7829291373050897,2.26414058581157,0.337424033106017,-1.5716296955824751,-2.4391472971994816,-2.5371480818370764,1.4974070905633203,1.547965968858798,-2.479880265485863,0.8606470632454721,0.7485251177602694,-1.5299196811127105,0.5674123853897841
-0.0163940908621178,-0.0351220455385318,-0.0062091658987676,ZIZI,-0.7829291373050897,2.26414058581157,0.337424033106017,-1.5716296955824751,-2.4391472971994816,-2.5371480818370764,1.4974070905633203,1.547965968858798,-2.479880265485863,0.8606470632454721,0.7485251177602694,-1.5299196811127105,0.006322552502562589
0.2863350322277201,0.3632535596197367,0.3572348474932145,ZZII,-0.7829291373050897,2.26414058581157,0.337424033106017,-1.5716296955824751,-2.4391472971994816,-2.5371480818370764,1.4974070905633203,1.547965968858798,-2.479880265485863,0.8606470632454721,0.7485251177602694,-1.5299196811127105,0.31679451713652873
0.1769893248417624,0.2020313956974825,0.1798619824820632,IZII,-2.785287317002256,0.537934002226125,3.029491860954841,-0.2856387981373949,2.1406163059258265,-2.89870735547366,-3.099007784900077,-0.3351625165183107,0.4394500876160294,-2.9619802062715648,-2.006198116286095,-1.8618089627696623,0.21710947989701346
-0.13268145566784,-0.1485101298475907,-0.1133082431365757,IIZZ,-0.7829291373050897,2.26414058581157,0.337424033106017,-1.5716296955824751,-2.4391472971994816,-2.5371480818370764,1.4974070905633203,1.547965968858798,-2.479880265485863,0.8606470632454721,0.7485251177602694,-1.5299196811127105,-0.14576206021349336
-0.1303460778330765,-0.1410564147544274,-0.1348119573180429,ZIIZ,-2.785287317002256,0.537934002226125,3.029491860954841,-0.2856387981373949,2.1406163059258265,-2.89870735547366,-3.099007784900077,-0.3351625165183107,0.4394500876160294,-2.9619802062715648,-2.006198116286095,-1.8618089627696623,-0.14164490995739995
0.0250461847209605,0.0016457403254874,0.0332166252872512,IIZI,-0.7829291373050897,2.26414058581157,0.337424033106017,-1.5716296955824751,-2.4391472971994816,-2.5371480818370764,1.4974070905633203,1.547965968858798,-2.479880265485863,0.8606470632454721,0.7485251177602694,-1.5299196811127105,0.017383821985070717
-0.4781870302319624,-0.5299042210428717,-0.5394010791610898,YYYY,-2.785287317002256,0.537934002226125,3.029491860954841,-0.2856387981373949,2.1406163059258265,-2.89870735547366,-3.099007784900077,-0.3351625165183107,0.4394500876160294,-2.9619802062715648,-2.006198116286095,-1.8618089627696623,-0.5238650044498258
0.0325422510457546,0.0188950258869584,0.0341347871069838,XXYY,-2.785287317002256,0.537934002226125,3.029491860954841,-0.2856387981373949,2.1406163059258265,-2.89870735547366,-3.099007784900077,-0.3351625165183107,0.4394500876160294,-2.9619802062715648,-2.006198116286095,-1.8618089627696623,0.03778298881321063
-0.0444236950049702,-0.0581420060422669,-0.0929360180092746,XXXX,-2.785287317002256,0.537934002226125,3.029491860954841,-0.2856387981373949,2.1406163059258265,-2.89870735547366,-3.099007784900077,-0.3351625165183107,0.4394500876160294,-2.9619802062715648,-2.006198116286095,-1.8618089627696623,-0.06479726752018461
-0.0692651401317715,-0.0916410955780112,-0.0807548687466978,IZIZ,-0.7829291373050897,2.26414058581157,0.337424033106017,-1.5716296955824751,-2.4391472971994816,-2.5371480818370764,1.4974070905633203,1.547965968858798,-2.479880265485863,0.8606470632454721,0.7485251177602694,-1.5299196811127105,-0.07807305770753746
-0.0225397133431458,-0.0391023197763102,-0.0519889867479969,ZIII,-0.7829291373050897,2.26414058581157,0.337424033106017,-1.5716296955824751,-2.4391472971994816,-2.5371480818370764,1.4974070905633203,1.547965968858798,-2.479880265485863,0.8606470632454721,0.7485251177602694,-1.5299196811127105,-0.02807361851488885
0.1367879005985851,0.1605337447663385,0.162704042840283,ZIZI,-2.785287317002256,0.537934002226125,3.029491860954841,-0.2856387981373949,2.1406163059258265,-2.89870735547366,-3.099007784900077,-0.3351625165183107,0.4394500876160294,-2.9619802062715648,-2.006198116286095,-1.8618089627696623,0.15511673184464195
-0.0453798871323378,-0.0471557335307915,-0.0349330037519066,YYXX,-0.338190701981925,-2.062055106322377,-1.470180044708187,-1.9045394927862769,1.7108829705591608,2.2159424505089023,-1.8933230547401183,0.0281849385597627,-2.709334211033675,0.8864807723498922,-2.543028798463647,0.3589116881354353,-0.058929311211963
-0.7500225779091806,-0.8193832558624669,-0.802293336943542,IZZI,-0.338190701981925,-2.062055106322377,-1.470180044708187,-1.9045394927862769,1.7108829705591608,2.2159424505089023,-1.8933230547401183,0.0281849385597627,-2.709334211033675,0.8864807723498922,-2.543028798463647,0.3589116881354353,-0.8059955500009687
0.9999253845977842,0.9954998458470624,1.0030609940638138,IIII,-0.338190701981925,-2.062055106322377,-1.470180044708187,-1.9045394927862769,1.7108829705591608,2.2159424505089023,-1.8933230547401183,0.0281849385597627,-2.709334211033675,0.8864807723498922,-2.543028798463647,0.3589116881354353,0.9300623392297944
-0.7069024011218078,-0.7429456632171818,-0.7576307878053391,IIZZ,-2.785287317002256,0.537934002226125,3.029491860954841,-0.2856387981373949,2.1406163059258265,-2.89870735547366,-3.099007784900077,-0.3351625165183107,0.4394500876160294,-2.9619802062715648,-2.006198116286095,-1.8618089627696623,-0.8072548610761753
-0.0033303972145472,-0.0151449145053682,-0.0108119233918205,ZZII,-0.338190701981925,-2.062055106322377,-1.470180044708187,-1.9045394927862769,1.7108829705591608,2.2159424505089023,-1.8933230547401183,0.0281849385597627,-2.709334211033675,0.8864807723498922,-2.543028798463647,0.3589116881354353,0.0014208856925431396
-0.4635263098272523,-0.4846015494988898,-0.4701759689939032,IIZI,-2.785287317002256,0.537934002226125,3.029491860954841,-0.2856387981373949,2.1406163059258265,-2.89870735547366,-3.099007784900077,-0.3351625165183107,0.4394500876160294,-2.9619802062715648,-2.006198116286095,-1.8618089627696623,-0.5190419731112625
0.1549419392703117,0.1543452975384414,0.1563010855221533,IZIZ,0.5985486620465519,0.6126396638950107,-0.7371065108061101,-2.7674749374070524,-1.7456750633504905,-2.391355305185679,-0.9471675925581376,-2.107131042391244,-0.0076540184782265,-0.4325991010842154,-2.0033772106276846,2.4779398593645583,0.168730531004391
0.0254554637626408,0.0156606016101834,0.047367295546123,IIIZ,-0.338190701981925,-2.062055106322377,-1.470180044708187,-1.9045394927862769,1.7108829705591608,2.2159424505089023,-1.8933230547401183,0.0281849385597627,-2.709334211033675,0.8864807723498922,-2.543028798463647,0.3589116881354353,0.026456809775750968
-0.466132862883006,-0.4756615375601929,-0.4780855706026538,ZIII,0.5985486620465519,0.6126396638950107,-0.7371065108061101,-2.7674749374070524,-1.7456750633504905,-2.391355305185679,-0.9471675925581376,-2.107131042391244,-0.0076540184782265,-0.4325991010842154,-2.0033772106276846,2.4779398593645583,-0.5121650621480209
-0.2588034874746364,-0.2964641133214619,-0.2870911736539962,ZIIZ,0.5985486620465519,0.6126396638950107,-0.7371065108061101,-2.7674749374070524,-1.7456750633504905,-2.391355305185679,-0.9471675925581376,-2.107131042391244,-0.0076540184782265,-0.4325991010842154,-2.0033772106276846,2.4779398593645583,-0.27516612719919425
-0.5328141018845926,-0.6057602159860968,-0.6143467921592204,XXYY,0.5985486620465519,0.6126396638950107,-0.7371065108061101,-2.7674749374070524,-1.7456750633504905,-2.391355305185679,-0.9471675925581376,-2.107131042391244,-0.0076540184782265,-0.4325991010842154,-2.0033772106276846,2.4779398593645583,-0.5942681330602767
-0.0630460101970314,-0.0698448160606081,-0.0500938606527875,IZII,-0.338190701981925,-2.062055106322377,-1.470180044708187,-1.9045394927862769,1.7108829705591608,2.2159424505089023,-1.8933230547401183,0.0281849385597627,-2.709334211033675,0.8864807723498922,-2.543028798463647,0.3589116881354353,-0.06779919013553186
-0.2954118317600281,-0.3155263861734195,-0.3224426706307254,IZZI,0.5985486620465519,0.6126396638950107,-0.7371065108061101,-2.7674749374070524,-1.7456750633504905,-2.391355305185679,-0.9471675925581376,-2.107131042391244,-0.0076540184782265,-0.4325991010842154,-2.0033772106276846,2.4779398593645583,-0.33265207381304157
0.1800945544813683,0.1923948685936071,0.1997098075711064,IIIZ,0.5985486620465519,0.6126396638950107,-0.7371065108061101,-2.7674749374070524,-1.7456750633504905,-2.391355305185679,-0.9471675925581376,-2.107131042391244,-0.0076540184782265,-0.4325991010842154,-2.0033772106276846,2.4779398593645583,0.20836134351137514
-0.0055238064798547,0.0222220160245828,-0.0062618444590013,YYYY,-0.338190701981925,-2.062055106322377,-1.470180044708187,-1.9045394927862769,1.7108829705591608,2.2159424505089023,-1.8933230547401183,0.0281849385597627,-2.709334211033675,0.8864807723498922,-2.543028798463647,0.3589116881354353,0.0016756579855792097
-0.1416384672478997,-0.1570492057653912,-0.1561024344264201,XXXX,0.2356552850601794,1.190805569070493,2.1141345571346197,2.258890414616059,-2.0252332193761946,-1.8058955060405584,0.7136731017340328,1.8818719301375408,-1.847840815436604,0.3852454190006464,1.4851000963925287,-1.337900641016834,-0.1607959363166756
-0.0380179733304191,-0.0464681648347076,-0.0330135820842369,YYXX,-0.338190701981925,-2.062055106322377,-1.470180044708187,-1.9045394927862769,1.7108829705591608,2.2159424505089023,-1.8933230547401183,0.0281849385597627,-2.709334211033675,0.8864807723498922,-2.543028798463647,0.3589116881354353,-0.048404004467093004
0.1071728699703261,0.1184076777972484,0.0978639144523063,ZIZI,0.2356552850601794,1.190805569070493,2.1141345571346197,2.258890414616059,-2.0252332193761946,-1.8058955060405584,0.7136731017340328,1.8818719301375408,-1.847840815436604,0.3852454190006464,1.4851000963925287,-1.337900641016834,0.1232553791270238
-0.3664776653090574,-0.4007908816132575,-0.3885314993735229,ZZII,0.2356552850601794,1.190805569070493,2.1141345571346197,2.258890414616059,-2.0252332193761946,-1.8058955060405584,0.7136731017340328,1.8818719301375408,-1.847840815436604,0.3852454190006464,1.4851000963925287,-1.337900641016834,-0.4151693481102005
1.0063614270560182,1.0132677560541063,1.0087004625947729,IIII,0.2356552850601794,1.190805569070493,2.1141345571346197,2.258890414616059,-2.0252332193761946,-1.8058955060405584,0.7136731017340328,1.8818719301375408,-1.847840815436604,0.3852454190006464,1.4851000963925287,-1.337900641016834,0.9393634930685875
-0.3936453300740463,-0.4107558644222488,-0.4328939419764603,IZII,0.5985486620465519,0.6126396638950107,-0.7371065108061101,-2.7674749374070524,-1.7456750633504905,-2.391355305185679,-0.9471675925581376,-2.107131042391244,-0.0076540184782265,-0.4325991010842154,-2.0033772106276846,2.4779398593645583,-0.44653226901028864
-0.065825551073777,-0.0548492454302213,-0.0802729998775497,IZIZ,-2.0639584802124573,-2.3692758019651547,-0.2639427304405957,-0.3410814730889777,-2.4671247609946296,-2.0012142276448586,1.1322901848287872,2.8317982086857088,-2.204590925073792,2.114251615396789,-1.0768636955887096,-1.530097595092471,-0.07380084953334118
-0.4316199435659653,-0.4804721593944447,-0.477243853113234,ZIII,0.5985486620465519,0.6126396638950107,-0.7371065108061101,-2.7674749374070524,-1.7456750633504905,-2.391355305185679,-0.9471675925581376,-2.107131042391244,-0.0076540184782265,-0.4325991010842154,-2.0033772106276846,2.4779398593645583,-0.4745129247838131
-0.1186027944667556,-0.0970436013203383,-0.0737181490980205,IIZI,0.2356552850601794,1.190805569070493,2.1141345571346197,2.258890414616059,-2.0252332193761946,-1.8058955060405584,0.7136731017340328,1.8818719301375408,-1.847840815436604,0.3852454190006464,1.4851000963925287,-1.337900641016834,-0.14312971927827575
0.041397322413737,0.036653745345955,0.0332297541981537,IIZZ,0.2356552850601794,1.190805569070493,2.1141345571346197,2.258890414616059,-2.0252332193761946,-1.8058955060405584,0.7136731017340328,1.8818719301375408,-1.847840815436604,0.3852454190006464,1.4851000963925287,-1.337900641016834,0.05211228735669393
-0.2462016207497849,-0.2630402672068837,-0.2747915843481036,ZIIZ,-2.0639584802124573,-2.3692758019651547,-0.2639427304405957,-0.3410814730889777,-2.4671247609946296,-2.0012142276448586,1.1322901848287872,2.8317982086857088,-2.204590925073792,2.114251615396789,-1.0768636955887096,-1.530097595092471,-0.2574599983749443
-0.0774229109453149,-0.098981076025409,-0.0901932280889927,YYYY,-2.0639584802124573,-2.3692758019651547,-0.2639427304405957,-0.3410814730889777,-2.4671247609946296,-2.0012142276448586,1.1322901848287872,2.8317982086857088,-2.204590925073792,2.114251615396789,-1.0768636955887096,-1.530097595092471,-0.09279934486383278
-0.1378290898104242,-0.1614140053887458,-0.1512692301586259,XXYY,-2.0639584802124573,-2.3692758019651547,-0.2639427304405957,-0.3410814730889777,-2.4671247609946296,-2.0012142276448586,1.1322901848287872,2.8317982086857088,-2.204590925073792,2.114251615396789,-1.0768636955887096,-1.530097595092471,-0.1538348519563339
0.4145716237759469,0.486296460976687,0.4937640252370266,ZIZI,-2.0639584802124573,-2.3692758019651547,-0.2639427304405957,-0.3410814730889777,-2.4671247609946296,-2.0012142276448586,1.1322901848287872,2.8317982086857088,-2.204590925073792,2.114251615396789,-1.0768636955887096,-1.530097595092471,0.45190623676766806
-0.0221191342101071,-0.0359993526407431,-0.0060913604012739,ZZII,-2.0639584802124573,-2.3692758019651547,-0.2639427304405957,-0.3410814730889777,-2.4671247609946296,-2.0012142276448586,1.1322901848287872,2.8317982086857088,-2.204590925073792,2.114251615396789,-1.0768636955887096,-1.530097595092471,-0.023809509059813206
-0.1635832823996088,-0.1775480568711929,-0.1614385604729407,YYXX,0.2356552850601794,1.190805569070493,2.1141345571346197,2.258890414616059,-2.0252332193761946,-1.8058955060405584,0.7136731017340328,1.8818719301375408,-1.847840815436604,0.3852454190006464,1.4851000963925287,-1.337900641016834,-0.1813224978006919
0.2310065941361471,0.2730579274994944,0.2366610630189115,XXXX,-1.0589825255778278,0.1682651217604363,2.733361060954669,-1.8938953496944613,0.9026551157786836,0.6003865553542704,-0.6173381283089823,-2.205577029219564,1.87386378718805,-1.9243245912127995,0.676517991833439,1.6872600856935351,0.2650546245726624
-0.1588251587121206,-0.1943326124896658,-0.1574158721686694,IZZI,0.2356552850601794,1.190805569070493,2.1141345571346197,2.258890414616059,-2.0252332193761946,-1.8058955060405584,0.7136731017340328,1.8818719301375408,-1.847840815436604,0.3852454190006464,1.4851000963925287,-1.337900641016834,-0.17742003233048728
0.9981208175208136,0.99820933647682,1.0063704250520682,IIII,-1.0589825255778278,0.1682651217604363,2.733361060954669,-1.8938953496944613,0.9026551157786836,0.6003865553542704,-0.6173381283089823,-2.205577029219564,1.87386378718805,-1.9243245912127995,0.676517991833439,1.6872600856935351,0.9295163695290798
-0.0674312294849576,-0.0582623393963104,-0.0531683786064496,IZIZ,-2.0639584802124573,-2.3692758019651547,-0.2639427304405957,-0.3410814730889777,-2.4671247609946296,-2.0012142276448586,1.1322901848287872,2.8317982086857088,-2.204590925073792,2.114251615396789,-1.0768636955887096,-1.530097595092471,-0.07524887296586683
-0.3927648816165203,-0.3864640557118263,-0.386238568661306,IIIZ,-1.0589825255778278,0.1682651217604363,2.733361060954669,-1.8938953496944613,0.9026551157786836,0.6003865553542704,-0.6173381283089823,-2.205577029219564,1.87386378718805,-1.9243245912127995,0.676517991833439,1.6872600856935351,-0.44821295808913014
-0.01271754709426,-0.018586085988301,-0.027448294647635,IIZI,-1.0589825255778278,0.1682651217604363,2.733361060954669,-1.8938953496944613,0.9026551157786836,0.6003865553542704,-0.6173381283089823,-2.205577029219564,1.87386378718805,-1.9243245912127995,0.676517991833439,1.6872600856935351,0.0015514245249044986
-0.5977590959620015,-0.670929917031507,-0.6669215785143786,ZIII,2.960151329506377,-2.954054088060639,1.294735620593202,0.5375543661564004,-2.8685888736326266,2.701503400049316,3.0751773994216123,2.470313914267805,-2.152059475285801,2.2055351672864107,1.5465946954272738,-0.1313420737786073,-0.6629245119049999
-0.2235687156898357,-0.2396815594398364,-0.2329511797220881,IIZZ,-1.0589825255778278,0.1682651217604363,2.733361060954669,-1.8938953496944613,0.9026551157786836,0.6003865553542704,-0.6173381283089823,-2.205577029219564,1.87386378718805,-1.9243245912127995,0.676517991833439,1.6872600856935351,-0.2532080167705891
-0.2708405292851192,-0.2866046843027409,-0.2914649275473587,ZIIZ,-2.0639584802124573,-2.3692758019651547,-0.2639427304405957,-0.3410814730889777,-2.4671247609946296,-2.0012142276448586,1.1322901848287872,2.8317982086857088,-2.204590925073792,2.114251615396789,-1.0768636955887096,-1.530097595092471,-0.3028108606428587
0.0454354303501566,0.0081723434029989,0.0150287682026365,IZII,-1.0589825255778278,0.1682651217604363,2.733361060954669,-1.8938953496944613,0.9026551157786836,0.6003865553542704,-0.6173381283089823,-2.205577029219564,1.87386378718805,-1.9243245912127995,0.676517991833439,1.6872600856935351,0.05249840645581025
0.1006240214774839,0.1109232773368044,0.0504061948456948,YYYY,2.960151329506377,-2.954054088060639,1.294735620593202,0.5375543661564004,-2.8685888736326266,2.701503400049316,3.0751773994216123,2.470313914267805,-2.152059475285801,2.2055351672864107,1.5465946954272738,-0.1313420737786073,0.107165903994599
-0.1515750581423627,-0.1654439237044103,-0.1833467918372804,YYXX,2.960151329506377,-2.954054088060639,1.294735620593202,0.5375543661564004,-2.8685888736326266,2.701503400049316,3.0751773994216123,2.470313914267805,-2.152059475285801,2.2055351672864107,1.5465946954272738,-0.1313420737786073,-0.16421363439098752
0.284043054190183,0.3279408400141836,0.3057013662403502,XXXX,2.960151329506377,-2.954054088060639,1.294735620593202,0.5375543661564004,-2.8685888736326266,2.701503400049316,3.0751773994216123,2.470313914267805,-2.152059475285801,2.2055351672864107,1.5465946954272738,-0.1313420737786073,0.32040720270452006
-0.0380617069772989,-0.0345930557061044,-0.0208114182125922,XXYY,-1.0589825255778278,0.1682651217604363,2.733361060954669,-1.8938953496944613,0.9026551157786836,0.6003865553542704,-0.6173381283089823,-2.205577029219564,1.87386378718805,-1.9243245912127995,0.676517991833439,1.6872600856935351,-0.04844852467961128
-0.5037893566491459,-0.5515214032544524,-0.5258757215488518,ZIZI,2.960151329506377,-2.954054088060639,1.294735620593202,0.5375543661564004,-2.8685888736326266,2.701503400049316,3.0751773994216123,2.470313914267805,-2.152059475285801,2.2055351672864107,1.5465946954272738,-0.1313420737786073,-0.5571314150771322
-0.2483678940867522,-0.2961722810372157,-0.2747127328577768,IZZI,1.605531052556474,1.105539266019724,-0.7054092278285768,-0.5756220257146665,-0.9964531323754358,-2.593220252227628,3.0897801194187293,2.599390892524597,-1.1142200868056218,-2.950331891174028,-2.326779096359224,0.883356995932,-0.2539896963353873
0.7518146453901273,0.7907095312554964,0.7964049922425357,IIIZ,1.605531052556474,1.105539266019724,-0.7054092278285768,-0.5756220257146665,-0.9964531323754358,-2.593220252227628,3.0897801194187293,2.599390892524597,-1.1142200868056218,-2.950331891174028,-2.326779096359224,0.883356995932,0.8422498152839509
0.98596769194525,1.0095438966892478,1.0086987656845836,IIII,2.960151329506377,-2.954054088060639,1.294735620593202,0.5375543661564004,-2.8685888736326266,2.701503400049316,3.0751773994216123,2.470313914267805,-2.152059475285801,2.2055351672864107,1.5465946954272738,-0.1313420737786073,0.9250183368397107
0.3743675130632831,0.3774369341139336,0.412128840796135,IIZI,1.605531052556474,1.105539266019724,-0.7054092278285768,-0.5756220257146665,-0.9964531323754358,-2.593220252227628,3.0897801194187293,2.599390892524597,-1.1142200868056218,-2.950331891174028,-2.326779096359224,0.883356995932,0.4216227966020795
-0.7044096201039943,-0.7772110272316287,-0.7592342628956241,IZII,2.960151329506377,-2.954054088060639,1.294735620593202,0.5375543661564004,-2.8685888736326266,2.701503400049316,3.0751773994216123,2.470313914267805,-2.152059475285801,2.2055351672864107,1.5465946954272738,-0.1313420737786073,-0.7931539654588223
0.3017466189797654,0.3253936381842837,0.3292947300016018,IIZZ,1.605531052556474,1.105539266019724,-0.7054092278285768,-0.5756220257146665,-0.9964531323754358,-2.593220252227628,3.0897801194187293,2.599390892524597,-1.1142200868056218,-2.950331891174028,-2.326779096359224,0.883356995932,0.3356155577114337
-0.6052571213666537,-0.6693375402146141,-0.6738832654805219,IZIZ,1.605531052556474,1.105539266019724,-0.7054092278285768,-0.5756220257146665,-0.9964531323754358,-2.593220252227628,3.0897801194187293,2.599390892524597,-1.1142200868056218,-2.950331891174028,-2.326779096359224,0.883356995932,-0.6650769797765631
0.0407126697753301,0.0514686365979433,0.0386500514509705,ZZII,-1.0589825255778278,0.1682651217604363,2.733361060954669,-1.8938953496944613,0.9026551157786836,0.6003865553542704,-0.6173381283089823,-2.205577029219564,1.87386378718805,-1.9243245912127995,0.676517991833439,1.6872600856935351,0.051324012594431034
0.2502810451256929,0.2703519682773342,0.2824392372664649,YYYY,1.605531052556474,1.105539266019724,-0.7054092278285768,-0.5756220257146665,-0.9964531323754358,-2.593220252227628,3.0897801194187293,2.599390892524597,-1.1142200868056218,-2.950331891174028,-2.326779096359224,0.883356995932,0.28546126469643435
-0.1236080388312248,-0.1202520251573218,-0.1292320317935654,YYXX,1.605531052556474,1.105539266019724,-0.7054092278285768,-0.5756220257146665,-0.9964531323754358,-2.593220252227628,3.0897801194187293,2.599390892524597,-1.1142200868056218,-2.950331891174028,-2.326779096359224,0.883356995932,-0.1435253334538649
0.5881657242886148,0.6051772373552283,0.6031691417776575,ZIII,0.3848301268283576,0.5878306711632599,-2.1486132663623887,-1.091486216179267,0.8167207419235081,1.530799736708497,1.5526416169065698,2.729512771476605,2.03987912424924,-0.6820406948297886,1.403291582818504,-1.034171091561777,0.653066742043137
-0.4130539962939583,-0.4395571026839121,-0.4340023134549098,ZIIZ,0.3848301268283576,0.5878306711632599,-2.1486132663623887,-1.091486216179267,0.8167207419235081,1.530799736708497,1.5526416169065698,2.729512771476605,2.03987912424924,-0.6820406948297886,1.403291582818504,-1.034171091561777,-0.44521041388682575
-0.5059902225821791,-0.5388256098194215,-0.5430132988440481,ZIZI,2.960151329506377,-2.954054088060639,1.294735620593202,0.5375543661564004,-2.8685888736326266,2.701503400049316,3.0751773994216123,2.470313914267805,-2.152059475285801,2.2055351672864107,1.5465946954272738,-0.1313420737786073,-0.5569508820321059
-0.2397532325477592,-0.2519113617614401,-0.2418635804602299,XXYY,0.3848301268283576,0.5878306711632599,-2.1486132663623887,-1.091486216179267,0.8167207419235081,1.530799736708497,1.5526416169065698,2.729512771476605,2.03987912424924,-0.6820406948297886,1.403291582818504,-1.034171091561777,-0.26061523379598805
0.5473451371089123,0.5496791760693821,0.5730531485072518,IIIZ,1.9318407140984224,-1.901084374287916,2.0045727397806,2.374119433495763,-0.1650915404424116,-2.706273166762752,-1.0929720293897796,0.2192117360573018,1.2542674380691787,2.572633619385038,2.750519846567652,-1.944708392681674,0.6008923561718396
0.2679773699067913,0.2973320989534997,0.320904723101617,XXXX,0.3848301268283576,0.5878306711632599,-2.1486132663623887,-1.091486216179267,0.8167207419235081,1.530799736708497,1.5526416169065698,2.729512771476605,2.03987912424924,-0.6820406948297886,1.403291582818504,-1.034171091561777,0.28348002798664995
-0.4011431639408566,-0.4167563745413546,-0.4357789436709387,IZZI,0.3848301268283576,0.5878306711632599,-2.1486132663623887,-1.091486216179267,0.8167207419235081,1.530799736708497,1.5526416169065698,2.729512771476605,2.03987912424924,-0.6820406948297886,1.403291582818504,-1.034171091561777,-0.44550596145456944
0.3539656979263929,0.4014035211098257,0.3798913290175504,ZZII,0.3848301268283576,0.5878306711632599,-2.1486132663623887,-1.091486216179267,0.8167207419235081,1.530799736708497,1.5526416169065698,2.729512771476605,2.03987912424924,-0.6820406948297886,1.403291582818504,-1.034171091561777,0.392388928763255
0.2807238136788424,0.3268279941962796,0.2922124559715321,IIZZ,1.605531052556474,1.105539266019724,-0.7054092278285768,-0.5756220257146665,-0.9964531323754358,-2.593220252227628,3.0897801194187293,2.599390892524597,-1.1142200868056218,-2.950331891174028,-2.326779096359224,0.883356995932,0.30946249047141655
-0.4379767501039581,-0.4514923844615414,-0.4832638323125522,IIZI,1.9318407140984224,-1.901084374287916,2.0045727397806,2.374119433495763,-0.1650915404424116,-2.706273166762752,-1.0929720293897796,0.2192117360573018,1.2542674380691787,2.572633619385038,2.750519846567652,-1.944708392681674,-0.47169128477270356
-0.3959962181334022,-0.4119642009362463,-0.4244382992617072,IZII,1.9318407140984224,-1.901084374287916,2.0045727397806,2.374119433495763,-0.1650915404424116,-2.706273166762752,-1.0929720293897796,0.2192117360573018,1.2542674380691787,2.572633619385038,2.750519846567652,-1.944708392681674,-0.4473238624346332
1.0034931129848694,0.996924858615966,0.982712056804942,IIII,0.3848301268283576,0.5878306711632599,-2.1486132663623887,-1.091486216179267,0.8167207419235081,1.530799736708497,1.5526416169065698,2.729512771476605,2.03987912424924,-0.6820406948297886,1.403291582818504,-1.034171091561777,0.9351145495126946
0.6762002400393716,0.7244186174388445,0.7480054504255547,ZIII,1.9318407140984224,-1.901084374287916,2.0045727397806,2.374119433495763,-0.1650915404424116,-2.706273166762752,-1.0929720293897796,0.2192117360573018,1.2542674380691787,2.572633619385038,2.750519846567652,-1.944708392681674,0.7428742708008711
0.3161153705909341,0.3430448283564213,0.3659664799109718,ZIIZ,1.9318407140984224,-1.901084374287916,2.0045727397806,2.374119433495763,-0.1650915404424116,-2.706273166762752,-1.0929720293897796,0.2192117360573018,1.2542674380691787,2.572633619385038,2.750519846567652,-1.944708392681674,0.3504609888420374
0.1549033844983171,0.181508165705487,0.173352883654027,YYYY,1.9318407140984224,-1.901084374287916,2.0045727397806,2.374119433495763,-0.1650915404424116,-2.706273166762752,-1.0929720293897796,0.2192117360573018,1.2542674380691787,2.572633619385038,2.750519846567652,-1.944708392681674,0.1674912466044487
0.5213098918135659,0.5607418800444938,0.5376493244488186,IZZI,1.9318407140984224,-1.901084374287916,2.0045727397806,2.374119433495763,-0.1650915404424116,-2.706273166762752,-1.0929720293897796,0.2192117360573018,1.2542674380691787,2.572633619385038,2.750519846567652,-1.944708392681674,0.5663349859050245
0.0839325145422242,0.1106763540866867,0.1160548108398903,IZIZ,2.078048524135899,2.302453659467078,-0.4582193991111842,-2.982689194173848,-2.701103916516992,-2.7299707429585007,0.9328301592920276,-1.8643552704626207,-1.2257214410799773,-1.1231772108755909,1.3698235565473436,-0.3539458721754203,0.09153425893946093
-0.2839798268136417,-0.3481398289148473,-0.3346439171936379,YYXX,2.078048524135899,2.302453659467078,-0.4582193991111842,-2.982689194173848,-2.701103916516992,-2.7299707429585007,0.9328301592920276,-1.8643552704626207,-1.2257214410799773,-1.1231772108755909,1.3698235565473436,-0.3539458721754203,-0.32943420894512543
-0.2094895878452971,-0.2373762346748714,-0.2299270193337851,XXYY,0.3848301268283576,0.5878306711632599,-2.1486132663623887,-1.091486216179267,0.8167207419235081,1.530799736708497,1.5526416169065698,2.729512771476605,2.03987912424924,-0.6820406948297886,1.403291582818504,-1.034171091561777,-0.22292692819768806
0.191993054648578,0.2278430083974857,0.2250230993444134,XXXX,2.078048524135899,2.302453659467078,-0.4582193991111842,-2.982689194173848,-2.701103916516992,-2.7299707429585007,0.9328301592920276,-1.8643552704626207,-1.2257214410799773,-1.1231772108755909,1.3698235565473436,-0.3539458721754203,0.20800773029568834
0.5949860349485616,0.7018595569254834,0.6841232695805842,ZIZI,2.078048524135899,2.302453659467078,-0.4582193991111842,-2.982689194173848,-2.701103916516992,-2.7299707429585007,0.9328301592920276,-1.8643552704626207,-1.2257214410799773,-1.1231772108755909,1.3698235565473436,-0.3539458721754203,0.651575942960022
0.2827632691813332,0.3650749064181817,0.349295725689903,ZZII,2.078048524135899,2.302453659467078,-0.4582193991111842,-2.982689194173848,-2.701103916516992,-2.7299707429585007,0.9328301592920276,-1.8643552704626207,-1.2257214410799773,-1.1231772108755909,1.3698235565473436,-0.3539458721754203,0.3192457773369631
0.978743666068861,1.0107594528826895,1.0039243899795969,IIII,2.078048524135899,2.302453659467078,-0.4582193991111842,-2.982689194173848,-2.701103916516992,-2.7299707429585007,0.9328301592920276,-1.8643552704626207,-1.2257214410799773,-1.1231772108755909,1.3698235565473436,-0.3539458721754203,0.9289737949758842
-0.3826975260779226,-0.4136579854348396,-0.4432259182447419,IZII,1.9318407140984224,-1.901084374287916,2.0045727397806,2.374119433495763,-0.1650915404424116,-2.706273166762752,-1.0929720293897796,0.2192117360573018,1.2542674380691787,2.572633619385038,2.750519846567652,-1.944708392681674,-0.42254349940353003
-0.1094435080352037,-0.1300741315691529,-0.1420866086920518,IIIZ,2.078048524135899,2.302453659467078,-0.4582193991111842,-2.982689194173848,-2.701103916516992,-2.7299707429585007,0.9328301592920276,-1.8643552704626207,-1.2257214410799773,-1.1231772108755909,1.3698235565473436,-0.3539458721754203,-0.11003204777856533
0.2796098901895837,0.2684906286370692,0.2803727765586251,IIZI,1.1880166551666689,0.3542960153363501,2.3111081162031013,-0.9434604597293466,0.1486406774486846,2.851853622842375,-0.4783210243579474,-0.0677835889536964,1.8944467233588125,2.186882186777505,-3.1046090134130324,-2.6304807312007625,0.3163546701126455
0.1296087905357408,0.1335804787553331,0.1199870043530868,IIZZ,1.1880166551666689,0.3542960153363501,2.3111081162031013,-0.9434604597293466,0.1486406774486846,2.851853622842375,-0.4783210243579474,-0.0677835889536964,1.8944467233588125,2.186882186777505,-3.1046090134130324,-2.6304807312007625,0.13894968710495234
0.1259196236191227,0.1278880946069502,0.1411220746336123,XXXX,0.3324423362718463,-2.0806898194737835,-2.383008745147506,-2.763208695959638,0.8409218742697733,0.449696822109193,-0.6235141332343481,-2.017443632206783,-0.7601843044407395,2.401008254177527,0.061443306851141,2.9822977094500045,0.14608467940234204
-0.0372396589876719,-0.058873620304681,-0.0412427173495922,IZIZ,1.1880166551666689,0.3542960153363501,2.3111081162031013,-0.9434604597293466,0.1486406774486846,2.851853622842375,-0.4783210243579474,-0.0677835889536964,1.8944467233588125,2.186882186777505,-3.1046090134130324,-2.6304807312007625,-0.05177855318120869
0.0083339091651793,0.0481661827140809,0.04331555495181,ZIII,1.1880166551666689,0.3542960153363501,2.3111081162031013,-0.9434604597293466,0.1486406774486846,2.851853622842375,-0.4783210243579474,-0.0677835889536964,1.8944467233588125,2.186882186777505,-3.1046090134130324,-2.6304807312007625,0.010192341161592344
-0.1599346102086496,-0.1748555785036276,-0.198897929645436,IZZI,0.3324423362718463,-2.0806898194737835,-2.383008745147506,-2.763208695959638,0.8409218742697733,0.449696822109193,-0.6235141332343481,-2.017443632206783,-0.7601843044407395,2.401008254177527,0.061443306851141,2.9822977094500045,-0.17044750608423265
0.0290638938365311,0.0251005415034978,0.0155580343879019,ZIIZ,1.1880166551666689,0.3542960153363501,2.3111081162031013,-0.9434604597293466,0.1486406774486846,2.851853622842375,-0.4783210243579474,-0.0677835889536964,1.8944467233588125,2.186882186777505,-3.1046090134130324,-2.6304807312007625,0.03684370703994065
-0.029473807235451,-0.0337844981456384,-0.0142784283323122,XXYY,2.078048524135899,2.302453659467078,-0.4582193991111842,-2.982689194173848,-2.701103916516992,-2.7299707429585007,0.9328301592920276,-1.8643552704626207,-1.2257214410799773,-1.1231772108755909,1.3698235565473436,-0.3539458721754203,-0.031786372906855306
0.1361312956099875,0.1717425772054978,0.1627029737203165,YYYY,1.1880166551666689,0.3542960153363501,2.3111081162031013,-0.9434604597293466,0.1486406774486846,2.851853622842375,-0.4783210243579474,-0.0677835889536964,1.8944467233588125,2.186882186777505,-3.1046090134130324,-2.6304807312007625,0.1442492769004441
-0.127468990299552,-0.124077542794123,-0.1263474002101816,YYXX,1.1880166551666689,0.3542960153363501,2.3111081162031013,-0.9434604597293466,0.1486406774486846,2.851853622842375,-0.4783210243579474,-0.0677835889536964,1.8944467233588125,2.186882186777505,-3.1046090134130324,-2.6304807312007625,-0.1369440060062384
1.0146274856324926,0.9967787157107728,0.9892972333839516,IIII,0.3324423362718463,-2.0806898194737835,-2.383008745147506,-2.763208695959638,0.8409218742697733,0.449696822109193,-0.6235141332343481,-2.017443632206783,-0.7601843044407395,2.401008254177527,0.061443306851141,2.9822977094500045,0.9298256782018166
0.2318334958165833,0.250037208794296,0.2321041107821604,ZZII,0.3324423362718463,-2.0806898194737835,-2.383008745147506,-2.763208695959638,0.8409218742697733,0.449696822109193,-0.6235141332343481,-2.017443632206783,-0.7601843044407395,2.401008254177527,0.061443306851141,2.9822977094500045,0.26051627297947166
0.1176242099317055,0.1453711737136609,0.1054465078041212,IIZI,0.3324423362718463,-2.0806898194737835,-2.383008745147506,-2.763208695959638,0.8409218742697733,0.449696822109193,-0.6235141332343481,-2.017443632206783,-0.7601843044407395,2.401008254177527,0.061443306851141,2.9822977094500045,0.12266762614997559
-0.3366147670654626,-0.3782176370014948,-0.3625209233658091,ZIZI,-0.5850925177455988,-3.0533568087453635,-0.8468365158035418,2.2856958558180622,1.949647772904976,1.829010422052064,-0.140991800765823,-1.520303451951917,-0.889149422569699,2.919520989554706,-1.1411821093611805,2.6683429631925586,-0.3583634409838687
-0.4759985776518647,-0.5376843455317493,-0.535389717103315,IZII,0.3324423362718463,-2.0806898194737835,-2.383008745147506,-2.763208695959638,0.8409218742697733,0.449696822109193,-0.6235141332343481,-2.017443632206783,-0.7601843044407395,2.401008254177527,0.061443306851141,2.9822977094500045,-0.5128406874545373
-0.4167081809501937,-0.4533137309151032,-0.4689231235903435,IZIZ,0.3324423362718463,-2.0806898194737835,-2.383008745147506,-2.763208695959638,0.8409218742697733,0.449696822109193,-0.6235141332343481,-2.017443632206783,-0.7601843044407395,2.401008254177527,0.061443306851141,2.9822977094500045,-0.4579690939398706
-0.8680222362558108,-0.9147474099132106,-0.8737501372057068,IIIZ,-0.5850925177455988,-3.0533568087453635,-0.8468365158035418,2.2856958558180622,1.949647772904976,1.829010422052064,-0.140991800765823,-1.520303451951917,-0.889149422569699,2.919520989554706,-1.1411821093611805,2.6683429631925586,-0.8821201242333551
-0.0114462961826089,-0.013375737954215,-0.0339666824198928,XXYY,-1.0011724412207528,1.0055271100898135,-0.5591333461304187,-1.026801426293397,1.599633656629532,1.7487354503917247,-2.9228069988233423,-1.5514806920686062,-2.016024805123707,-3.0722706876528423,-0.6804404376202275,0.357470293240024,0.020094004597049037
0.1128492385590686,0.1073812584707592,0.1395456160354871,IIZZ,1.1880166551666689,0.3542960153363501,2.3111081162031013,-0.9434604597293466,0.1486406774486846,2.851853622842375,-0.4783210243579474,-0.0677835889536964,1.8944467233588125,2.186882186777505,-3.1046090134130324,-2.6304807312007625,0.11746552032882665
0.2185805358894083,0.2622770648850351,0.2356498549763534,YYYY,-0.5850925177455988,-3.0533568087453635,-0.8468365158035418,2.2856958558180622,1.949647772904976,1.829010422052064,-0.140991800765823,-1.520303451951917,-0.889149422569699,2.919520989554706,-1.1411821093611805,2.6683429631925586,0.2357348931803864
0.1354751803313008,0.1603487375907251,0.1658058552318151,ZIII,-0.5850925177455988,-3.0533568087453635,-0.8468365158035418,2.2856958558180622,1.949647772904976,1.829010422052064,-0.140991800765823,-1.520303451951917,-0.889149422569699,2.919520989554706,-1.1411821093611805,2.6683429631925586,0.15694619980987268
-0.1096800490463829,-0.1186727601844783,-0.1143351852980083,ZIIZ,-0.5850925177455988,-3.0533568087453635,-0.8468365158035418,2.2856958558180622,1.949647772904976,1.829010422052064,-0.140991800765823,-1.520303451951917,-0.889149422569699,2.919520989554706,-1.1411821093611805,2.6683429631925586,-0.12080491078151756
0.0254745243333303,0.0098437139258851,0.0260319444418735,IZZI,-1.0011724412207528,1.0055271100898135,-0.5591333461304187,-1.026801426293397,1.599633656629532,1.7487354503917247,-2.9228069988233423,-1.5514806920686062,-2.016024805123707,-3.0722706876528423,-0.6804404376202275,0.357470293240024,0.029978297379285687
0.0158059049994158,0.0224612963541324,-0.0127831227302156,ZIZI,-2.665538614688468,-0.2031611999714924,3.025106321427251,1.6871722797456543,-0.2481638936514119,-2.137259525802434,1.3868440401078432,1.5222991538160668,-2.9390006180141555,0.8515402415033959,-2.132223509614104,2.3332875624927087,0.019517324517409746
0.0248923104513566,0.0140979729059625,-0.0036198642087265,YYXX,-0.5850925177455988,-3.0533568087453635,-0.8468365158035418,2.2856958558180622,1.949647772904976,1.829010422052064,-0.140991800765823,-1.520303451951917,-0.889149422569699,2.919520989554706,-1.1411821093611805,2.6683429631925586,0.03132846284433039
0.2484117259237577,0.2485337196242561,0.2725307310335256,ZZII,0.3324423362718463,-2.0806898194737835,-2.383008745147506,-2.763208695959638,0.8409218742697733,0.449696822109193,-0.6235141332343481,-2.017443632206783,-0.7601843044407395,2.401008254177527,0.061443306851141,2.9822977094500045,0.2787654554296598
0.0038448281018176,-0.0037933432806168,0.0263346968639249,XXXX,-0.5850925177455988,-3.0533568087453635,-0.8468365158035418,2.2856958558180622,1.949647772904976,1.829010422052064,-0.140991800765823,-1.520303451951917,-0.889149422569699,2.919520989554706,-1.1411821093611805,2.6683429631925586,0.002489863827206574
1.025711692681685,1.0101007854250894,1.0057755597638092,IIII,-1.0011724412207528,1.0055271100898135,-0.5591333461304187,-1.026801426293397,1.599633656629532,1.7487354503917247,-2.9228069988233423,-1.5514806920686062,-2.016024805123707,-3.0722706876528423,-0.6804404376202275,0.357470293240024,0.9311732701085634
0.2076261650092416,0.2183801403226822,0.1891508662142383,IIIZ,-1.0011724412207528,1.0055271100898135,-0.5591333461304187,-1.026801426293397,1.599633656629532,1.7487354503917247,-2.9228069988233423,-1.5514806920686062,-2.016024805123707,-3.0722706876528423,-0.6804404376202275,0.357470293240024,0.21943080630132117
-0.4666238989702542,-0.4817302051179311,-0.4481349067112288,IIZI,-1.0011724412207528,1.0055271100898135,-0.5591333461304187,-1.026801426293397,1.599633656629532,1.7487354503917247,-2.9228069988233423,-1.5514806920686062,-2.016024805123707,-3.0722706876528423,-0.6804404376202275,0.357470293240024,-0.5061868976378266
-0.791443681076093,-0.8594410750479219,-0.8351505456799488,IIZZ,-2.665538614688468,-0.2031611999714924,3.025106321427251,1.6871722797456543,-0.2481638936514119,-2.137259525802434,1.3868440401078432,1.5222991538160668,-2.9390006180141555,0.8515402415033959,-2.132223509614104,2.3332875624927087,-0.8813728287098413
-0.0437487645320057,-0.0354578575029157,-0.0344597914120816,IZIZ,-1.0011724412207528,1.0055271100898135,-0.5591333461304187,-1.026801426293397,1.599633656629532,1.7487354503917247,-2.9228069988233423,-1.5514806920686062,-2.016024805123707,-3.0722706876528423,-0.6804404376202275,0.357470293240024,-0.05469038520358101
0.1059417798874774,0.1128855684744036,0.0973492511984362,ZIIZ,-1.0011724412207528,1.0055271100898135,-0.5591333461304187,-1.026801426293397,1.599633656629532,1.7487354503917247,-2.9228069988233423,-1.5514806920686062,-2.016024805123707,-3.0722706876528423,-0.6804404376202275,0.357470293240024,0.12852458068407216
-0.0718775843259764,-0.0930136430743057,-0.0576078290344955,YYYY,-2.665538614688468,-0.2031611999714924,3.025106321427251,1.6871722797456543,-0.2481638936514119,-2.137259525802434,1.3868440401078432,1.5222991538160668,-2.9390006180141555,0.8515402415033959,-2.132223509614104,2.3332875624927087,-0.07863654034837014
-0.1070518807982591,-0.0946650181117605,-0.0942458661471527,YYXX,-2.665538614688468,-0.2031611999714924,3.025106321427251,1.6871722797456543,-0.2481638936514119,-2.137259525802434,1.3868440401078432,1.5222991538160668,-2.9390006180141555,0.8515402415033959,-2.132223509614104,2.3332875624927087,-0.11238603197443693
-0.0804019031773357,-0.0815664437750813,-0.0799282746056244,XXYY,-2.665538614688468,-0.2031611999714924,3.025106321427251,1.6871722797456543,-0.2481638936514119,-2.137259525802434,1.3868440401078432,1.5222991538160668,-2.9390006180141555,0.8515402415033959,-2.132223509614104,2.3332875624927087,-0.08743032116075417
0.1467900632184691,0.1755154552252378,0.1639053259363308,ZIII,-0.5850925177455988,-3.0533568087453635,-0.8468365158035418,2.2856958558180622,1.949647772904976,1.829010422052064,-0.140991800765823,-1.520303451951917,-0.889149422569699,2.919520989554706,-1.1411821093611805,2.6683429631925586,0.16242041232279877
0.8105554000724675,0.8910950262261572,0.867946482938859,IZII,1.3147781691232314,1.920274313981952,1.4757823730941668,0.2250386872968111,2.3163727951944297,2.800365168689323,-0.7152162486779376,-0.9194279312646776,1.7623740831609354,1.3562751971357343,-1.0512909325030484,0.2819456365382211,0.9067515517479692
0.0386437430704952,0.0380313824056154,0.0510726811272605,IZZI,-2.665538614688468,-0.2031611999714924,3.025106321427251,1.6871722797456543,-0.2481638936514119,-2.137259525802434,1.3868440401078432,1.5222991538160668,-2.9390006180141555,0.8515402415033959,-2.132223509614104,2.3332875624927087,0.056214570948286656
0.0221350612983386,0.0066825995216103,0.0543542416845805,ZIZI,-2.665538614688468,-0.2031611999714924,3.025106321427251,1.6871722797456543,-0.2481638936514119,-2.137259525802434,1.3868440401078432,1.5222991538160668,-2.9390006180141555,0.8515402415033959,-2.132223509614104,2.3332875624927087,0.02121572388020735
-0.1321422064098386,-0.1325443263353642,-0.152949807114275,XXXX,1.3147781691232314,1.920274313981952,1.4757823730941668,0.2250386872968111,2.3163727951944297,2.800365168689323,-0.7152162486779376,-0.9194279312646776,1.7623740831609354,1.3562751971357343,-1.0512909325030484,0.2819456365382211,-0.13129933873786842
-0.4259152871919534,-0.4708503256666052,-0.4520507186137529,IIZI,-1.0011724412207528,1.0055271100898135,-0.5591333461304187,-1.026801426293397,1.599633656629532,1.7487354503917247,-2.9228069988233423,-1.5514806920686062,-2.016024805123707,-3.0722706876528423,-0.6804404376202275,0.357470293240024,-0.4632537984348562
0.9938732832775128,0.9909371877318892,1.0001147814769382,IIII,1.3147781691232314,1.920274313981952,1.4757823730941668,0.2250386872968111,2.3163727951944297,2.800365168689323,-0.7152162486779376,-0.9194279312646776,1.7623740831609354,1.3562751971357343,-1.0512909325030484,0.2819456365382211,0.9253336461443163
0.1441515904902056,0.1047324447885576,0.1263921804252428,ZZII,1.3147781691232314,1.920274313981952,1.4757823730941668,0.2250386872968111,2.3163727951944297,2.800365168689323,-0.7152162486779376,-0.9194279312646776,1.7623740831609354,1.3562751971357343,-1.0512909325030484,0.2819456365382211,0.15513451016651808
-0.7190423952076336,-0.7709731781976208,-0.767271217483712,IIZZ,1.602291442576285,-1.0322148927417172,-1.0383157425361067,0.8871522001699548,0.9892643487210292,-2.6203719739344398,-0.1657947782044697,-0.5094588200407744,-0.0771121584618668,2.078060346556857,2.017277643033867,-0.3835841458386935,-0.8161275482616746
-0.1789033204044232,-0.2076132084129259,-0.1713328984887266,IIIZ,1.3147781691232314,1.920274313981952,1.4757823730941668,0.2250386872968111,2.3163727951944297,2.800365168689323,-0.7152162486779376,-0.9194279312646776,1.7623740831609354,1.3562751971357343,-1.0512909325030484,0.2819456365382211,-0.20202287980913503
0.1966193466617756,0.1804892611925479,0.1759031294138172,ZIII,1.602291442576285,-1.0322148927417172,-1.0383157425361067,0.8871522001699548,0.9892643487210292,-2.6203719739344398,-0.1657947782044697,-0.5094588200407744,-0.0771121584618668,2.078060346556857,2.017277643033867,-0.3835841458386935,0.21397587392645667
-0.0232414758389386,-0.0383051305607779,-0.0192229844685456,ZIIZ,-2.665538614688468,-0.2031611999714924,3.025106321427251,1.6871722797456543,-0.2481638936514119,-2.137259525802434,1.3868440401078432,1.5222991538160668,-2.9390006180141555,0.8515402415033959,-2.132223509614104,2.3332875624927087,-0.021381566055015674
-0.123446041657687,-0.1311961266250481,-0.1095340116270654,XXYY,1.602291442576285,-1.0322148927417172,-1.0383157425361067,0.8871522001699548,0.9892643487210292,-2.6203719739344398,-0.1657947782044697,-0.5094588200407744,-0.0771121584618668,2.078060346556857,2.017277643033867,-0.3835841458386935,-0.13946945052670107
-0.1044201758095901,-0.1138582432970403,-0.1036643735850185,YYYY,1.602291442576285,-1.0322148927417172,-1.0383157425361067,0.8871522001699548,0.9892643487210292,-2.6203719739344398,-0.1657947782044697,-0.5094588200407744,-0.0771121584618668,2.078060346556857,2.017277643033867,-0.3835841458386935,-0.11642935953994896
0.8250279274199877,0.8630449213358629,0.8680645819067211,IZII,1.3147781691232314,1.920274313981952,1.4757823730941668,0.2250386872968111,2.3163727951944297,2.800365168689323,-0.7152162486779376,-0.9194279312646776,1.7623740831609354,1.3562751971357343,-1.0512909325030484,0.2819456365382211,0.9221053462224311
-0.1205066174434219,-0.1455582318296628,-0.1116968822627717,IZIZ,1.3147781691232314,1.920274313981952,1.4757823730941668,0.2250386872968111,2.3163727951944297,2.800365168689323,-0.7152162486779376,-0.9194279312646776,1.7623740831609354,1.3562751971357343,-1.0512909325030484,0.2819456365382211,-0.1295369418011371
-0.2330924644533799,-0.2340176401095266,-0.222065447860027,XXXX,1.602291442576285,-1.0322148927417172,-1.0383157425361067,0.8871522001699548,0.9892643487210292,-2.6203719739344398,-0.1657947782044697,-0.5094588200407744,-0.0771121584618668,2.078060346556857,2.017277643033867,-0.3835841458386935,-0.2520716528468206
0.6865398477098406,0.7135806270654721,0.7138763245294362,IIIZ,1.602291442576285,-1.0322148927417172,-1.0383157425361067,0.8871522001699548,0.9892643487210292,-2.6203719739344398,-0.1657947782044697,-0.5094588200407744,-0.0771121584618668,2.078060346556857,2.017277643033867,-0.3835841458386935,0.7658366946449897
-0.549123590682821,-0.600415234405249,-0.6033359346248656,IIZI,1.602291442576285,-1.0322148927417172,-1.0383157425361067,0.8871522001699548,0.9892643487210292,-2.6203719739344398,-0.1657947782044697,-0.5094588200407744,-0.0771121584618668,2.078060346556857,2.017277643033867,-0.3835841458386935,-0.624983658770746
-0.0956533283574992,-0.1400842696963597,-0.1415824950575623,YYXX,-0.4861388344475283,1.341610472135125,2.804131569655888,-0.0321797258302671,-1.0676388364397988,2.227042214766885,2.9200541552438306,2.9160531788825583,-2.4142777406847595,0.0718170881188009,-0.5318795193983896,-2.0927706964012485,-0.11028080523943325
0.1203143814201379,0.1829703039533618,0.1231170879949344,IZZI,-0.4861388344475283,1.341610472135125,2.804131569655888,-0.0321797258302671,-1.0676388364397988,2.227042214766885,2.9200541552438306,2.9160531788825583,-2.4142777406847595,0.0718170881188009,-0.5318795193983896,-2.0927706964012485,0.14113367144202674
0.0383464074152354,0.0198601249877993,-0.0059023572103129,ZIZI,1.3147781691232314,1.920274313981952,1.4757823730941668,0.2250386872968111,2.3163727951944297,2.800365168689323,-0.7152162486779376,-0.9194279312646776,1.7623740831609354,1.3562751971357343,-1.0512909325030484,0.2819456365382211,0.04553646102123623
0.9903744392160764,0.9862554592649602,0.9890339059808596,IIII,-0.4861388344475283,1.341610472135125,2.804131569655888,-0.0321797258302671,-1.0676388364397988,2.227042214766885,2.9200541552438306,2.9160531788825583,-2.4142777406847595,0.0718170881188009,-0.5318795193983896,-2.0927706964012485,0.928225853370393
-0.0575817827735194,-0.0915970425735724,-0.0841644836937004,ZZII,-0.4861388344475283,1.341610472135125,2.804131569655888,-0.0321797258302671,-1.0676388364397988,2.227042214766885,2.9200541552438306,2.9160531788825583,-2.4142777406847595,0.0718170881188009,-0.5318795193983896,-2.0927706964012485,-0.06498547687867927
0.2498536261010478,0.2440157159160891,0.2302785975690439,IIZZ,-0.4861388344475283,1.341610472135125,2.804131569655888,-0.0321797258302671,-1.0676388364397988,2.227042214766885,2.9200541552438306,2.9160531788825583,-2.4142777406847595,0.0718170881188009,-0.5318795193983896,-2.0927706964012485,0.29139589787651426
0.1816784932015755,0.1769867658961605,0.1995227890835609,IZII,-0.4861388344475283,1.341610472135125,2.804131569655888,-0.0321797258302671,-1.0676388364397988,2.227042214766885,2.9200541552438306,2.9160531788825583,-2.4142777406847595,0.0718170881188009,-0.5318795193983896,-2.0927706964012485,0.21585221532852458
-0.1052927068579916,-0.1169694489753162,-0.0963761373408601,YYYY,1.602291442576285,-1.0322148927417172,-1.0383157425361067,0.8871522001699548,0.9892643487210292,-2.6203719739344398,-0.1657947782044697,-0.5094588200407744,-0.0771121584618668,2.078060346556857,2.017277643033867,-0.3835841458386935,-0.11790482976290266
0.8041349075698627,0.8563122702656296,0.837984483136005,ZIII,-1.038572118804867,2.4515594513892207,-0.1504278000558305,1.8660479187384311,-1.6466359200919567,-2.539317607451805,0.3521886019662981,0.3536036664055522,-1.7426662558767494,-0.8786481476424037,0.4454090527401826,-2.2681224124500847,0.914435689794551
0.4621312921979493,0.5170368162592912,0.5402801135030575,IZIZ,-0.4861388344475283,1.341610472135125,2.804131569655888,-0.0321797258302671,-1.0676388364397988,2.227042214766885,2.9200541552438306,2.9160531788825583,-2.4142777406847595,0.0718170881188009,-0.5318795193983896,-2.0927706964012485,0.5117736016001002
-0.2761285311816512,-0.2960142573529293,-0.2957118467131222,ZIIZ,-1.038572118804867,2.4515594513892207,-0.1504278000558305,1.8660479187384311,-1.6466359200919567,-2.539317607451805,0.3521886019662981,0.3536036664055522,-1.7426662558767494,-0.8786481476424037,0.4454090527401826,-2.2681224124500847,-0.2897564638111023
0.7065451536645083,0.7406768603296878,0.7255922106197704,ZZII,2.118163284459099,-3.121257540777872,0.154260888181541,1.3485096077450835,0.5925252357352098,1.2911498706906397,-1.1529924233618247,1.1219706287448243,0.891241315618144,-0.0253077654114086,2.840166805230729,0.1631308205676442,0.7725214435426345
0.0120665426943205,0.0182243103778129,0.0280623334971353,YYXX,-1.038572118804867,2.4515594513892207,-0.1504278000558305,1.8660479187384311,-1.6466359200919567,-2.539317607451805,0.3521886019662981,0.3536036664055522,-1.7426662558767494,-0.8786481476424037,0.4454090527401826,-2.2681224124500847,0.01483940852895659
-0.30188653082533,-0.3425842995766646,-0.3209002829097566,XXYY,-1.038572118804867,2.4515594513892207,-0.1504278000558305,1.8660479187384311,-1.6466359200919567,-2.539317607451805,0.3521886019662981,0.3536036664055522,-1.7426662558767494,-0.8786481476424037,0.4454090527401826,-2.2681224124500847,-0.33698471974924354
-0.7034505243706737,-0.7938496520744666,-0.7535666072537414,IZZI,-1.038572118804867,2.4515594513892207,-0.1504278000558305,1.8660479187384311,-1.6466359200919567,-2.539317607451805,0.3521886019662981,0.3536036664055522,-1.7426662558767494,-0.8786481476424037,0.4454090527401826,-2.2681224124500847,-0.7773682894133994
0.1353641640702978,0.138036963138052,0.1413031398733997,IIIZ,2.118163284459099,-3.121257540777872,0.154260888181541,1.3485096077450835,0.5925252357352098,1.2911498706906397,-1.1529924233618247,1.1219706287448243,0.891241315618144,-0.0253077654114086,2.840166805230729,0.1631308205676442,0.1548019501417259
-0.07827765770791,-0.0959250499632687,-0.0483157774452175,XXXX,-1.038572118804867,2.4515594513892207,-0.1504278000558305,1.8660479187384311,-1.6466359200919567,-2.539317607451805,0.3521886019662981,0.3536036664055522,-1.7426662558767494,-0.8786481476424037,0.4454090527401826,-2.2681224124500847,-0.0850797717966702
0.1845693385170572,0.1735236073088725,0.1866904759554547,IIZZ,2.118163284459099,-3.121257540777872,0.154260888181541,1.3485096077450835,0.5925252357352098,1.2911498706906397,-1.1529924233618247,1.1219706287448243,0.891241315618144,-0.0253077654114086,2.840166805230729,0.1631308205676442,0.21296105613986682
-0.3921697638248142,-0.4561442137351287,-0.4658371927967969,ZIZI,-0.4861388344475283,1.341610472135125,2.804131569655888,-0.0321797258302671,-1.0676388364397988,2.227042214766885,2.9200541552438306,2.9160531788825583,-2.4142777406847595,0.0718170881188009,-0.5318795193983896,-2.0927706964012485,-0.43985378035976025
-0.1904801384064558,-0.2056137865274731,-0.1966338898422329,IZII,2.118163284459099,-3.121257540777872,0.154260888181541,1.3485096077450835,0.5925252357352098,1.2911498706906397,-1.1529924233618247,1.1219706287448243,0.891241315618144,-0.0253077654114086,2.840166805230729,0.1631308205676442,-0.210876412218181
1.0039184352450174,0.9896165280182097,0.9979195818964972,IIII,-1.038572118804867,2.4515594513892207,-0.1504278000558305,1.8660479187384311,-1.6466359200919567,-2.539317607451805,0.3521886019662981,0.3536036664055522,-1.7426662558767494,-0.8786481476424037,0.4454090527401826,-2.2681224124500847,0.9342410843947822
-0.5982069408695733,-0.6636840669615942,-0.6716003822585037,IZIZ,2.118163284459099,-3.121257540777872,0.154260888181541,1.3485096077450835,0.5925252357352098,1.2911498706906397,-1.1529924233618247,1.1219706287448243,0.891241315618144,-0.0253077654114086,2.840166805230729,0.1631308205676442,-0.6552764489848372
0.4231390826324316,0.4408903876329369,0.4172487546001738,IIZI,1.5769133151997616,3.118313454359961,-1.6318929934267534,2.4262537781201123,0.6677148493254887,0.6272951608977224,-1.855490734339796,2.908943595553758,-2.823451170365644,2.055140712872558,1.1855203433068908,-0.4569060525924957,0.4650940727515682
-0.5362539333535501,-0.6104999538541742,-0.6201851897964339,ZIIZ,2.118163284459099,-3.121257540777872,0.154260888181541,1.3485096077450835,0.5925252357352098,1.2911498706906397,-1.1529924233618247,1.1219706287448243,0.891241315618144,-0.0253077654114086,2.840166805230729,0.1631308205676442,-0.616042090309627
0.7363679291656426,0.7859504914539065,0.8149405746266996,XXXX,2.118163284459099,-3.121257540777872,0.154260888181541,1.3485096077450835,0.5925252357352098,1.2911498706906397,-1.1529924233618247,1.1219706287448243,0.891241315618144,-0.0253077654114086,2.840166805230729,0.1631308205676442,0.7968343758977551
0.0116106928221062,-0.0028174971777523,0.0037584864476388,YYYY,1.5769133151997616,3.118313454359961,-1.6318929934267534,2.4262537781201123,0.6677148493254887,0.6272951608977224,-1.855490734339796,2.908943595553758,-2.823451170365644,2.055140712872558,1.1855203433068908,-0.4569060525924957,0.018816590022084256
-0.2820993390987894,-0.2866412230155093,-0.3131032534294852,ZIII,1.5769133151997616,3.118313454359961,-1.6318929934267534,2.4262537781201123,0.6677148493254887,0.6272951608977224,-1.855490734339796,2.908943595553758,-2.823451170365644,2.055140712872558,1.1855203433068908,-0.4569060525924957,-0.329463211052056
0.62273813472877,0.6608660010365562,0.6815346975088302,ZIZI,0.5175432437741065,0.3089954031623887,2.133549973886611,1.2462329300956183,-0.5638219054743323,-0.8597348009994827,-1.490305806133019,-1.6103030872054025,-2.744632043895713,0.4267985537547956,2.0056272489481133,0.5467058602323935,0.6868297752290295
-0.3118020764045758,-0.3588468170122594,-0.3439537988466612,XXYY,-1.038572118804867,2.4515594513892207,-0.1504278000558305,1.8660479187384311,-1.6466359200919567,-2.539317607451805,0.3521886019662981,0.3536036664055522,-1.7426662558767494,-0.8786481476424037,0.4454090527401826,-2.2681224124500847,-0.34260583148363666
-0.5782912984953414,-0.6644031144168316,-0.6758406118715222,YYXX,1.5769133151997616,3.118313454359961,-1.6318929934267534,2.4262537781201123,0.6677148493254887,0.6272951608977224,-1.855490734339796,2.908943595553758,-2.823451170365644,2.055140712872558,1.1855203433068908,-0.4569060525924957,-0.6478320532517181
-0.5289644391658032,-0.5428244551405608,-0.5431358976314723,IIIZ,0.5175432437741065,0.3089954031623887,2.133549973886611,1.2462329300956183,-0.5638219054743323,-0.8597348009994827,-1.490305806133019,-1.6103030872054025,-2.744632043895713,0.4267985537547956,2.0056272489481133,0.5467058602323935,-0.5884371898666456
0.8947745567456856,0.9244312321814748,0.9590066068490124,IIZI,0.5175432437741065,0.3089954031623887,2.133549973886611,1.2462329300956183,-0.5638219054743323,-0.8597348009994827,-1.490305806133019,-1.6103030872054025,-2.744632043895713,0.4267985537547956,2.0056272489481133,0.5467058602323935,0.9384358513178823
0.1452092632477928,0.167500219032554,0.1546074315427103,IZZI,1.5769133151997616,3.118313454359961,-1.6318929934267534,2.4262537781201123,0.6677148493254887,0.6272951608977224,-1.855490734339796,2.908943595553758,-2.823451170365644,2.055140712872558,1.1855203433068908,-0.4569060525924957,0.16334923196323545
-0.1908738173511812,-0.2084652295598092,-0.1979525253620786,IZII,2.118163284459099,-3.121257540777872,0.154260888181541,1.3485096077450835,0.5925252357352098,1.2911498706906397,-1.1529924233618247,1.1219706287448243,0.891241315618144,-0.0253077654114086,2.840166805230729,0.1631308205676442,-0.21130759817962388
0.3069002688585787,0.3098450715333586,0.297046269140179,IZIZ,0.5175432437741065,0.3089954031623887,2.133549973886611,1.2462329300956183,-0.5638219054743323,-0.8597348009994827,-1.490305806133019,-1.6103030872054025,-2.744632043895713,0.4267985537547956,2.0056272489481133,0.5467058602323935,0.33771978668211083
1.0067224586624457,0.99995349384003,0.9848418235359674,IIII,1.5769133151997616,3.118313454359961,-1.6318929934267534,2.4262537781201123,0.6677148493254887,0.6272951608977224,-1.855490734339796,2.908943595553758,-2.823451170365644,2.055140712872558,1.1855203433068908,-0.4569060525924957,0.9269313890856374
0.2877046159900838,0.3367994153407886,0.3541177389971958,ZZII,1.5769133151997616,3.118313454359961,-1.6318929934267534,2.4262537781201123,0.6677148493254887,0.6272951608977224,-1.855490734339796,2.908943595553758,-2.823451170365644,2.055140712872558,1.1855203433068908,-0.4569060525924957,0.31679950463245704
-0.1494468525839653,-0.154599359204325,-0.1566818872638858,YYYY,0.5175432437741065,0.3089954031623887,2.133549973886611,1.2462329300956183,-0.5638219054743323,-0.8597348009994827,-1.490305806133019,-1.6103030872054025,-2.744632043895713,0.4267985537547956,2.0056272489481133,0.5467058602323935,-0.16447114637891172
-0.0596568426418801,-0.0712043967033963,-0.0861458338839834,IIZZ,-0.8526681874087205,-2.4751781694925645,-1.9566978181303456,-3.137603251062996,1.5124193875625354,1.5303949870752165,0.0223996248239495,-1.7842725922461038,-2.4394790431443654,2.2048119405023696,-0.8375048544503172,0.5654589513137886,-0.05434039172898804
-0.54794358408369,-0.5943101619970057,-0.5718873215191722,IZZI,0.5175432437741065,0.3089954031623887,2.133549973886611,1.2462329300956183,-0.5638219054743323,-0.8597348009994827,-1.490305806133019,-1.6103030872054025,-2.744632043895713,0.4267985537547956,2.0056272489481133,0.5467058602323935,-0.6185015985235082
0.026733319968358,0.034647520208683,0.0195220666492457,ZIII,-0.8526681874087205,-2.4751781694925645,-1.9566978181303456,-3.137603251062996,1.5124193875625354,1.5303949870752165,0.0223996248239495,-1.7842725922461038,-2.4394790431443654,2.2048119405023696,-0.8375048544503172,0.5654589513137886,0.029198589048053246
-0.06182709992537,-0.05802079899843,-0.0444291826122913,XXXX,0.5175432437741065,0.3089954031623887,2.133549973886611,1.2462329300956183,-0.5638219054743323,-0.8597348009994827,-1.490305806133019,-1.6103030872054025,-2.744632043895713,0.4267985537547956,2.0056272489481133,0.5467058602323935,-0.06405951906911078
0.1011579909040698,0.1122836080970626,0.1223098191126305,ZIIZ,-0.8526681874087205,-2.4751781694925645,-1.9566978181303456,-3.137603251062996,1.5124193875625354,1.5303949870752165,0.0223996248239495,-1.7842725922461038,-2.4394790431443654,2.2048119405023696,-0.8375048544503172,0.5654589513137886,0.10567824057064357
-0.3924457703090701,-0.4528081868407829,-0.4076669184500623,ZZII,1.678721963312249,0.3078142212268124,2.2297403802678435,-2.796457938938498,-0.194641960029541,-2.36567161547721,2.059833974641672,2.145000632968729,-1.5999093335960382,0.9439080753697366,-0.940839662010549,2.817449988604558,-0.44817337246023464
0.0330235712659918,0.0442360984482989,0.0083946961725055,XXYY,1.5769133151997616,3.118313454359961,-1.6318929934267534,2.4262537781201123,0.6677148493254887,0.6272951608977224,-1.855490734339796,2.908943595553758,-2.823451170365644,2.055140712872558,1.1855203433068908,-0.4569060525924957,0.02506497254061537
0.5600984947194874,0.6258502257908857,0.5780970165695652,YYXX,-0.8526681874087205,-2.4751781694925645,-1.9566978181303456,-3.137603251062996,1.5124193875625354,1.5303949870752165,0.0223996248239495,-1.7842725922461038,-2.4394790431443654,2.2048119405023696,-0.8375048544503172,0.5654589513137886,0.6206778175396557
-0.4135876207220454,-0.4311216755687095,-0.4210251857056115,IIIZ,1.678721963312249,0.3078142212268124,2.2297403802678435,-2.796457938938498,-0.194641960029541,-2.36567161547721,2.059833974641672,2.145000632968729,-1.5999093335960382,0.9439080753697366,-0.940839662010549,2.817449988604558,-0.4510116382246466
0.0216334483589673,0.0045213803411713,0.0115514650162366,ZIZI,-0.8526681874087205,-2.4751781694925645,-1.9566978181303456,-3.137603251062996,1.5124193875625354,1.5303949870752165,0.0223996248239495,-1.7842725922461038,-2.4394790431443654,2.2048119405023696,-0.8375048544503172,0.5654589513137886,0.026601902642190436
1.0187793253062265,1.0049634919854693,0.9970897436621994,IIII,-0.8526681874087205,-2.4751781694925645,-1.9566978181303456,-3.137603251062996,1.5124193875625354,1.5303949870752165,0.0223996248239495,-1.7842725922461038,-2.4394790431443654,2.2048119405023696,-0.8375048544503172,0.5654589513137886,0.930529117972399
0.3082208327601328,0.3284637354109045,0.3272268153631993,IIZZ,1.678721963312249,0.3078142212268124,2.2297403802678435,-2.796457938938498,-0.194641960029541,-2.36567161547721,2.059833974641672,2.145000632968729,-1.5999093335960382,0.9439080753697366,-0.940839662010549,2.817449988604558,0.3365925588498724
0.0959978978824952,0.1246527664753623,0.0860851212378254,ZIII,1.678721963312249,0.3078142212268124,2.2297403802678435,-2.796457938938498,-0.194641960029541,-2.36567161547721,2.059833974641672,2.145000632968729,-1.5999093335960382,0.9439080753697366,-0.940839662010549,2.817449988604558,0.0973192782941756
0.2884834365676243,0.3151841465114824,0.3121489459990278,IZIZ,0.5175432437741065,0.3089954031623887,2.133549973886611,1.2462329300956183,-0.5638219054743323,-0.8597348009994827,-1.490305806133019,-1.6103030872054025,-2.744632043895713,0.4267985537547956,2.0056272489481133,0.5467058602323935,0.3208091328155476
0.2308100452832876,0.2512978203254246,0.2497938232744319,YYYY,1.678721963312249,0.3078142212268124,2.2297403802678435,-2.796457938938498,-0.194641960029541,-2.36567161547721,2.059833974641672,2.145000632968729,-1.5999093335960382,0.9439080753697366,-0.940839662010549,2.817449988604558,0.2627843215782894
0.4812911339298441,0.5204529641741843,0.5384433372914262,XXYY,1.678721963312249,0.3078142212268124,2.2297403802678435,-2.796457938938498,-0.194641960029541,-2.36567161547721,2.059833974641672,2.145000632968729,-1.5999093335960382,0.9439080753697366,-0.940839662010549,2.817449988604558,0.5245616952417871
-0.3832064646583907,-0.4000698020966127,-0.390223188285453,IIZI,-0.8526681874087205,-2.4751781694925645,-1.9566978181303456,-3.137603251062996,1.5124193875625354,1.5303949870752165,0.0223996248239495,-1.7842725922461038,-2.4394790431443654,2.2048119405023696,-0.8375048544503172,0.5654589513137886,-0.41467857323776974
0.7839642769912804,0.8581892914952104,0.8487139146924455,IZII,1.290371464630664,1.7470085248190437,-0.7154664880973396,0.3541261010748404,-1.6422709132498714,-0.3005138366832764,-3.0879536424485616,-3.1369666965932232,-1.4306109265741065,0.9936745816311552,1.9724064002112645,1.1790284453615687,0.8747884943378483
0.1025517464994762,0.1274778589552714,0.1222661403616138,ZIIZ,1.290371464630664,1.7470085248190437,-0.7154664880973396,0.3541261010748404,-1.6422709132498714,-0.3005138366832764,-3.0879536424485616,-3.1369666965932232,-1.4306109265741065,0.9936745816311552,1.9724064002112645,1.1790284453615687,0.10430018546374542
0.0831047792869853,0.0852099279178605,0.0975045669416098,YYXX,1.290371464630664,1.7470085248190437,-0.7154664880973396,0.3541261010748404,-1.6422709132498714,-0.3005138366832764,-3.0879536424485616,-3.1369666965932232,-1.4306109265741065,0.9936745816311552,1.9724064002112645,1.1790284453615687,0.094416228348289
1.0065965051675076,1.0089217649891762,1.0081771526750891,IIII,1.678721963312249,0.3078142212268124,2.2297403802678435,-2.796457938938498,-0.194641960029541,-2.36567161547721,2.059833974641672,2.145000632968729,-1.5999093335960382,0.9439080753697366,-0.940839662010549,2.817449988604558,0.9256695894741114
0.1621173840904213,0.1841945196652568,0.1662463139409777,IIIZ,-1.539266554063542,3.056635536036296,-0.1754339978764836,1.6287158547656535,-1.4518930748493806,-0.2027268395459045,-0.4955480609617528,0.8684763347802562,2.58097356444792,-1.5841430705672948,3.061220837056328,-1.3538282172742144,0.1819271792620823
0.358646257383261,0.4009319652633933,0.4006275964404607,XXXX,1.290371464630664,1.7470085248190437,-0.7154664880973396,0.3541261010748404,-1.6422709132498714,-0.3005138366832764,-3.0879536424485616,-3.1369666965932232,-1.4306109265741065,0.9936745816311552,1.9724064002112645,1.1790284453615687,0.3962014509369166
0.0566418745182381,0.0690504243115216,0.0767937050438919,IZZI,-0.8526681874087205,-2.4751781694925645,-1.9566978181303456,-3.137603251062996,1.5124193875625354,1.5303949870752165,0.0223996248239495,-1.7842725922461038,-2.4394790431443654,2.2048119405023696,-0.8375048544503172,0.5654589513137886,0.05454898427066355
0.1483788132813398,0.1820454347250634,0.1650764857238791,IIZI,-1.539266554063542,3.056635536036296,-0.1754339978764836,1.6287158547656535,-1.4518930748493806,-0.2027268395459045,-0.4955480609617528,0.8684763347802562,2.58097356444792,-1.5841430705672948,3.061220837056328,-1.3538282172742144,0.16224423836259189
0.7796514457054172,0.87886279307508,0.8782658105966485,ZIZI,1.290371464630664,1.7470085248190437,-0.7154664880973396,0.3541261010748404,-1.6422709132498714,-0.3005138366832764,-3.0879536424485616,-3.1369666965932232,-1.4306109265741065,0.9936745816311552,1.9724064002112645,1.1790284453615687,0.8350010422062486
0.1635224945528942,0.1678488120018122,0.1731025102786285,ZZII,1.290371464630664,1.7470085248190437,-0.7154664880973396,0.3541261010748404,-1.6422709132498714,-0.3005138366832764,-3.0879536424485616,-3.1369666965932232,-1.4306109265741065,0.9936745816311552,1.9724064002112645,1.1790284453615687,0.18454163280047858
0.8911136882338773,0.9757670144790098,0.979124204200424,IIZZ,-1.539266554063542,3.056635536036296,-0.1754339978764836,1.6287158547656535,-1.4518930748493806,-0.2027268395459045,-0.4955480609617528,0.8684763347802562,2.58097356444792,-1.5841430705672948,3.061220837056328,-1.3538282172742144,0.9343465164393894
0.255752980363299,0.2868400552553751,0.2960689115345187,IZIZ,-2.189509727677461,0.9349373928752244,-2.483019109934255,-2.898704004483198,2.2488320066908605,1.5904273150724562,1.1646673611648009,-2.993950524737228,0.3983162169510801,-1.331584522841929,-2.290980644599677,-1.1882772433029338,0.28048320398452015
0.6238921322524921,0.6626779364691748,0.6589753459472265,ZIII,-1.539266554063542,3.056635536036296,-0.1754339978764836,1.6287158547656535,-1.4518930748493806,-0.2027268395459045,-0.4955480609617528,0.8684763347802562,2.58097356444792,-1.5841430705672948,3.061220837056328,-1.3538282172742144,0.693426491569689
0.7863164992118261,0.8522234240730806,0.858762898155475,IZII,1.290371464630664,1.7470085248190437,-0.7154664880973396,0.3541261010748404,-1.6422709132498714,-0.3005138366832764,-3.0879536424485616,-3.1369666965932232,-1.4306109265741065,0.9936745816311552,1.9724064002112645,1.1790284453615687,0.893488981593101
-0.3677347995193547,-0.4353243105535886,-0.4292844572287347,ZIIZ,1.678721963312249,0.3078142212268124,2.2297403802678435,-2.796457938938498,-0.194641960029541,-2.36567161547721,2.059833974641672,2.145000632968729,-1.5999093335960382,0.9439080753697366,-0.940839662010549,2.817449988604558,-0.41229171928211594
0.2130696738491034,0.2037561693224757,0.2027451403994473,XXYY,-1.539266554063542,3.056635536036296,-0.1754339978764836,1.6287158547656535,-1.4518930748493806,-0.2027268395459045,-0.4955480609617528,0.8684763347802562,2.58097356444792,-1.5841430705672948,3.061220837056328,-1.3538282172742144,0.2346581387203186
-0.0086384578848792,-0.0022542919915781,-0.0002462529435259,YYYY,-2.189509727677461,0.9349373928752244,-2.483019109934255,-2.898704004483198,2.2488320066908605,1.5904273150724562,1.1646673611648009,-2.993950524737228,0.3983162169510801,-1.331584522841929,-2.290980644599677,-1.1882772433029338,-0.002211495816536138
0.6540556781333676,0.7354367056204082,0.7256706909563847,YYXX,-1.539266554063542,3.056635536036296,-0.1754339978764836,1.6287158547656535,-1.4518930748493806,-0.2027268395459045,-0.4955480609617528,0.8684763347802562,2.58097356444792,-1.5841430705672948,3.061220837056328,-1.3538282172742144,0.7267786529994893
-0.4115813803628203,-0.4743453709057576,-0.4724590370659133,XXXX,-2.189509727677461,0.9349373928752244,-2.483019109934255,-2.898704004483198,2.2488320066908605,1.5904273150724562,1.1646673611648009,-2.993950524737228,0.3983162169510801,-1.331584522841929,-2.290980644599677,-1.1882772433029338,-0.4474263462099909
-0.2224014172273204,-0.2251790334488821,-0.2277432346713058,ZIZI,-2.189509727677461,0.9349373928752244,-2.483019109934255,-2.898704004483198,2.2488320066908605,1.5904273150724562,1.1646673611648009,-2.993950524737228,0.3983162169510801,-1.331584522841929,-2.290980644599677,-1.1882772433029338,-0.24768800551192297
0.2493251307432524,0.2699494869591794,0.2460519456123344,ZZII,-1.539266554063542,3.056635536036296,-0.1754339978764836,1.6287158547656535,-1.4518930748493806,-0.2027268395459045,-0.4955480609617528,0.8684763347802562,2.58097356444792,-1.5841430705672948,3.061220837056328,-1.3538282172742144,0.2799471414101926
0.6184706316627228,0.6151346259089125,0.6070674890226129,IIIZ,-2.189509727677461,0.9349373928752244,-2.483019109934255,-2.898704004483198,2.2488320066908605,1.5904273150724562,1.1646673611648009,-2.993950524737228,0.3983162169510801,-1.331584522841929,-2.290980644599677,-1.1882772433029338,0.6818631223368304
-0.3483095640543303,-0.3779234665931384,-0.3765341386393434,IIZZ,-2.189509727677461,0.9349373928752244,-2.483019109934255,-2.898704004483198,2.2488320066908605,1.5904273150724562,1.1646673611648009,-2.993950524737228,0.3983162169510801,-1.331584522841929,-2.290980644599677,-1.1882772433029338,-0.37670914698244856
0.3459709545062762,0.3704090586371048,0.3911117618473608,ZIII,-2.189509727677461,0.9349373928752244,-2.483019109934255,-2.898704004483198,2.2488320066908605,1.5904273150724562,1.1646673611648009,-2.993950524737228,0.3983162169510801,-1.331584522841929,-2.290980644599677,-1.1882772433029338,0.3845197860285616
-0.2633945143249704,-0.2963862633498513,-0.3048575169118699,IZZI,2.4830871316169407,2.874774317877274,-0.9273194140669913,1.9588427096741936,-1.397358496691521,-1.79463049045359,-1.300719793564575,-0.186912075550552,-0.7529514748961232,0.93689006265629,2.046604446309193,2.609353369730659,-0.29929116021152213
0.9979737063286448,1.0036753206684732,0.9696296089366476,IIII,1.290371464630664,1.7470085248190437,-0.7154664880973396,0.3541261010748404,-1.6422709132498714,-0.3005138366832764,-3.0879536424485616,-3.1369666965932232,-1.4306109265741065,0.9936745816311552,1.9724064002112645,1.1790284453615687,0.9342850635809851
-0.7592463642397024,-0.8206132718048553,-0.7902978585231817,IIZI,2.4830871316169407,2.874774317877274,-0.9273194140669913,1.9588427096741936,-1.397358496691521,-1.79463049045359,-1.300719793564575,-0.186912075550552,-0.7529514748961232,0.93689006265629,2.046604446309193,2.609353369730659,-0.84915795878501
0.3726293498099587,0.394272073618419,0.3777301342093987,IZII,2.4830871316169407,2.874774317877274,-0.9273194140669913,1.9588427096741936,-1.397358496691521,-1.79463049045359,-1.300719793564575,-0.186912075550552,-0.7529514748961232,0.93689006265629,2.046604446309193,2.609353369730659,0.4145114331674497
-0.3463372461888775,-0.3877500859449986,-0.3878249179719214,IZIZ,2.4830871316169407,2.874774317877274,-0.9273194140669913,1.9588427096741936,-1.397358496691521,-1.79463049045359,-1.300719793564575,-0.186912075550552,-0.7529514748961232,0.93689006265629,2.046604446309193,2.609353369730659,-0.3877587636777286
-0.428574815440254,-0.4717418036820066,-0.4305853527784909,YYXX,-1.1223679019172237,-0.701660591693344,-2.202211812962413,2.39069823019286,-2.024394942987548,-0.1209781191729377,-1.994588709227823,1.0221813498436545,1.7252786726750529,-2.492177769031351,-2.6650894300458154,-1.895784578684301,-0.45537025049022994
0.2966579274147749,0.3154931749484804,0.3013654850405098,ZIIZ,2.4830871316169407,2.874774317877274,-0.9273194140669913,1.9588427096741936,-1.397358496691521,-1.79463049045359,-1.300719793564575,-0.186912075550552,-0.7529514748961232,0.93689006265629,2.046604446309193,2.609353369730659,0.3349154334535565
-0.2022735523763953,-0.2001512195456208,-0.1783404576788158,XXXX,-1.539266554063542,3.056635536036296,-0.1754339978764836,1.6287158547656535,-1.4518930748493806,-0.2027268395459045,-0.4955480609617528,0.8684763347802562,2.58097356444792,-1.5841430705672948,3.061220837056328,-1.3538282172742144,-0.2218650820665926
-0.049093446457204,-0.034149155722608,-0.0316220877193747,YYYY,2.4830871316169407,2.874774317877274,-0.9273194140669913,1.9588427096741936,-1.397358496691521,-1.79463049045359,-1.300719793564575,-0.186912075550552,-0.7529514748961232,0.93689006265629,2.046604446309193,2.609353369730659,-0.05542371531514937
0.1900337247275954,0.225405365804408,0.242057879143323,XXYY,2.4830871316169407,2.874774317877274,-0.9273194140669913,1.9588427096741936,-1.397358496691521,-1.79463049045359,-1.300719793564575,-0.186912075550552,-0.7529514748961232,0.93689006265629,2.046604446309193,2.609353369730659,0.21135395786158653
-0.3366974314702404,-0.3532036108497735,-0.3589213238329232,IZZI,-1.1223679019172237,-0.701660591693344,-2.202211812962413,2.39069823019286,-2.024394942987548,-0.1209781191729377,-1.994588709227823,1.0221813498436545,1.7252786726750529,-2.492177769031351,-2.6650894300458154,-1.895784578684301,-0.35691919624400525
0.399850109478475,0.4561634133034712,0.4345607699906304,ZIZI,-1.1223679019172237,-0.701660591693344,-2.202211812962413,2.39069823019286,-2.024394942987548,-0.1209781191729377,-1.994588709227823,1.0221813498436545,1.7252786726750529,-2.492177769031351,-2.6650894300458154,-1.895784578684301,0.4375620139339216
-0.0148621863975108,0.0084707107387325,0.0131005831048219,ZZII,-1.1223679019172237,-0.701660591693344,-2.202211812962413,2.39069823019286,-2.024394942987548,-0.1209781191729377,-1.994588709227823,1.0221813498436545,1.7252786726750529,-2.492177769031351,-2.6650894300458154,-1.895784578684301,0.006646930454137006
0.3822384339650837,0.3849761141448068,0.3668155649484615,IIIZ,-1.1223679019172237,-0.701660591693344,-2.202211812962413,2.39069823019286,-2.024394942987548,-0.1209781191729377,-1.994588709227823,1.0221813498436545,1.7252786726750529,-2.492177769031351,-2.6650894300458154,-1.895784578684301,0.42071050204442323
-0.5410481026637864,-0.5967393360708679,-0.5846341956556974,IIZI,-2.189509727677461,0.9349373928752244,-2.483019109934255,-2.898704004483198,2.2488320066908605,1.5904273150724562,1.1646673611648009,-2.993950524737228,0.3983162169510801,-1.331584522841929,-2.290980644599677,-1.1882772433029338,-0.6145614250235689
0.1653353001234402,0.1771663408171142,0.2274941801179427,IZII,-1.1223679019172237,-0.701660591693344,-2.202211812962413,2.39069823019286,-2.024394942987548,-0.1209781191729377,-1.994588709227823,1.0221813498436545,1.7252786726750529,-2.492177769031351,-2.6650894300458154,-1.895784578684301,0.18117949681372805
0.7315559117088487,0.7642888621614686,0.7704920844067632,IIZZ,-1.1223679019172237,-0.701660591693344,-2.202211812962413,2.39069823019286,-2.024394942987548,-0.1209781191729377,-1.994588709227823,1.0221813498436545,1.7252786726750529,-2.492177769031351,-2.6650894300458154,-1.895784578684301,0.7965653503991389
0.9773320192303332,0.9923135326902466,0.9908238221857388,IIII,2.748320790108031,-1.1238720620516491,0.9093208417369976,-1.5079185866117852,-2.2623278686859107,1.424684654864043,1.005874193911373,-2.7733756962872054,2.163214597142355,-2.530920459658163,-1.3646761713505415,-0.158493061987023,0.9269594780734013
-0.417492797799362,-0.4837497849401819,-0.4738345778775821,IZIZ,2.748320790108031,-1.1238720620516491,0.9093208417369976,-1.5079185866117852,-2.2623278686859107,1.424684654864043,1.005874193911373,-2.7733756962872054,2.163214597142355,-2.530920459658163,-1.3646761713505415,-0.158493061987023,-0.45202351502709354
0.0822789355664581,0.0658539320162441,0.0763949814480098,ZIII,2.748320790108031,-1.1238720620516491,0.9093208417369976,-1.5079185866117852,-2.2623278686859107,1.424684654864043,1.005874193911373,-2.7733756962872054,2.163214597142355,-2.530920459658163,-1.3646761713505415,-0.158493061987023,0.09375378709155761
0.1862648325287235,0.2287225057114073,0.2607853261777635,ZIIZ,2.748320790108031,-1.1238720620516491,0.9093208417369976,-1.5079185866117852,-2.2623278686859107,1.424684654864043,1.005874193911373,-2.7733756962872054,2.163214597142355,-2.530920459658163,-1.3646761713505415,-0.158493061987023,0.21360518651300542
-0.2135721346630379,-0.2359397731854928,-0.2476415427216799,YYYY,2.748320790108031,-1.1238720620516491,0.9093208417369976,-1.5079185866117852,-2.2623278686859107,1.424684654864043,1.005874193911373,-2.7733756962872054,2.163214597142355,-2.530920459658163,-1.3646761713505415,-0.158493061987023,-0.23745338226234083
0.207054353866255,0.2264953837948105,0.2049239833465649,XXYY,2.4830871316169407,2.874774317877274,-0.9273194140669913,1.9588427096741936,-1.397358496691521,-1.79463049045359,-1.300719793564575,-0.186912075550552,-0.7529514748961232,0.93689006265629,2.046604446309193,2.609353369730659,0.22250859354294886
0.2281423929865326,0.2638015507285284,0.2308206421133242,YYXX,2.748320790108031,-1.1238720620516491,0.9093208417369976,-1.5079185866117852,-2.2623278686859107,1.424684654864043,1.005874193911373,-2.7733756962872054,2.163214597142355,-2.530920459658163,-1.3646761713505415,-0.158493061987023,0.2636039483495998
0.5143706794113796,0.5462521258263441,0.525851881887175,XXXX,2.748320790108031,-1.1238720620516491,0.9093208417369976,-1.5079185866117852,-2.2623278686859107,1.424684654864043,1.005874193911373,-2.7733756962872054,2.163214597142355,-2.530920459658163,-1.3646761713505415,-0.158493061987023,0.5592376921813899
-0.3119950719483045,-0.3535104547751589,-0.3165600948543226,IZZI,2.010528697370522,-0.6469268536557551,-0.7788203976709185,0.3486432071720209,2.0838270237410894,1.5676876148767835,2.177045481340256,-0.080177160727525,-0.6908491704036792,-1.1509967992852574,-1.014008442874494,2.1315957214439,-0.3441630599763444
0.2664134609207473,0.289906822174258,0.292245676025853,IIZI,-1.1223679019172237,-0.701660591693344,-2.202211812962413,2.39069823019286,-2.024394942987548,-0.1209781191729377,-1.994588709227823,1.0221813498436545,1.7252786726750529,-2.492177769031351,-2.6650894300458154,-1.895784578684301,0.2844610677316115
0.0291996995259316,0.0695753938547263,0.0450456078912935,ZZII,2.010528697370522,-0.6469268536557551,-0.7788203976709185,0.3486432071720209,2.0838270237410894,1.5676876148767835,2.177045481340256,-0.080177160727525,-0.6908491704036792,-1.1509967992852574,-1.014008442874494,2.1315957214439,0.03816842815967361
0.1306761674331921,0.1490419545194758,0.140580761048412,ZIZI,2.010528697370522,-0.6469268536557551,-0.7788203976709185,0.3486432071720209,2.0838270237410894,1.5676876148767835,2.177045481340256,-0.080177160727525,-0.6908491704036792,-1.1509967992852574,-1.014008442874494,2.1315957214439,0.14305057780653846
0.3556254954836622,0.3965953781679318,0.3667680484607062,IZIZ,2.372077691363637,-0.0332735027427837,-2.757909687249424,-1.1338343295788125,2.192741179390395,-1.9251085346705472,-2.008679446690108,0.3667149846286799,1.552479724628676,-3.005607945486994,0.3328141295382258,-0.6293214086591767,0.3941735330464769
0.9895882006750384,1.015918049915804,0.9812309868891872,IIII,2.010528697370522,-0.6469268536557551,-0.7788203976709185,0.3486432071720209,2.0838270237410894,1.5676876148767835,2.177045481340256,-0.080177160727525,-0.6908491704036792,-1.1509967992852574,-1.014008442874494,2.1315957214439,0.9184959970812848
0.9407300404106804,0.9536658264284328,0.9634373674097914,IIIZ,2.010528697370522,-0.6469268536557551,-0.7788203976709185,0.3486432071720209,2.0838270237410894,1.5676876148767835,2.177045481340256,-0.080177160727525,-0.6908491704036792,-1.1509967992852574,-1.014008442874494,2.1315957214439,0.9184959970812848
-0.1853766060374604,-0.2228369404214654,-0.1965827543274363,ZIIZ,2.372077691363637,-0.0332735027427837,-2.757909687249424,-1.1338343295788125,2.192741179390395,-1.9251085346705472,-2.008679446690108,0.3667149846286799,1.552479724628676,-3.005607945486994,0.3328141295382258,-0.6293214086591767,-0.20392212005678156
-0.1020698855645048,-0.1262454983210406,-0.1274208840809381,YYYY,2.372077691363637,-0.0332735027427837,-2.757909687249424,-1.1338343295788125,2.192741179390395,-1.9251085346705472,-2.008679446690108,0.3667149846286799,1.552479724628676,-3.005607945486994,0.3328141295382258,-0.6293214086591767,-0.10495030076853025
0.0909650414014247,0.0839547655670102,0.0943519813793821,IZII,2.010528697370522,-0.6469268536557551,-0.7788203976709185,0.3486432071720209,2.0838270237410894,1.5676876148767835,2.177045481340256,-0.080177160727525,-0.6908491704036792,-1.1509967992852574,-1.014008442874494,2.1315957214439,0.10454109469428781
0.1722717340945571,0.2027905922946211,0.1855578179863355,IIZZ,2.010528697370522,-0.6469268536557551,-0.7788203976709185,0.3486432071720209,2.0838270237410894,1.5676876148767835,2.177045481340256,-0.080177160727525,-0.6908491704036792,-1.1509967992852574,-1.014008442874494,2.1315957214439,0.17936664748933065
0.2362709172924831,0.2701924876712724,0.2581674388831231,YYXX,2.372077691363637,-0.0332735027427837,-2.757909687249424,-1.1338343295788125,2.192741179390395,-1.9251085346705472,-2.008679446690108,0.3667149846286799,1.552479724628676,-3.005607945486994,0.3328141295382258,-0.6293214086591767,0.2623966246902175
-0.3371530616256563,-0.3517920745448219,-0.3634288699175612,XXXX,2.372077691363637,-0.0332735027427837,-2.757909687249424,-1.1338343295788125,2.192741179390395,-1.9251085346705472,-2.008679446690108,0.3667149846286799,1.552479724628676,-3.005607945486994,0.3328141295382258,-0.6293214086591767,-0.3759565754686488
0.0563287630736143,0.1046235887786096,0.0834546391675468,ZIII,2.748320790108031,-1.1238720620516491,0.9093208417369976,-1.5079185866117852,-2.2623278686859107,1.424684654864043,1.005874193911373,-2.7733756962872054,2.163214597142355,-2.530920459658163,-1.3646761713505415,-0.158493061987023,0.04796630629403162
0.3595019218980794,0.3788544760403923,0.353015026849898,ZZII,2.372077691363637,-0.0332735027427837,-2.757909687249424,-1.1338343295788125,2.192741179390395,-1.9251085346705472,-2.008679446690108,0.3667149846286799,1.552479724628676,-3.005607945486994,0.3328141295382258,-0.6293214086591767,0.3956177599922642
0.0332298648848441,0.0381039313669909,0.036646596516972,XXYY,1.2095512230217444,-2.0429378976939647,2.835214734608882,-2.5238305246652404,0.4678812134856343,-0.2071292700273308,0.0538426516127996,-1.251863145130101,-1.8657063683838169,2.5497016554958325,-1.4823671748217555,0.3426705716921199,0.03130464323422551
1.008606383111537,1.0115045407680372,0.9970051025082272,IIII,2.372077691363637,-0.0332735027427837,-2.757909687249424,-1.1338343295788125,2.192741179390395,-1.9251085346705472,-2.008679446690108,0.3667149846286799,1.552479724628676,-3.005607945486994,0.3328141295382258,-0.6293214086591767,0.9296189409545725
-0.0181916019782092,-0.0242272846650242,-0.0433102059905955,IZZI,1.2095512230217444,-2.0429378976939647,2.835214734608882,-2.5238305246652404,0.4678812134856343,-0.2071292700273308,0.0538426516127996,-1.251863145130101,-1.8657063683838169,2.5497016554958325,-1.4823671748217555,0.3426705716921199,-0.004209562582132439
-0.520730214390743,-0.5812714574767244,-0.5685438952744303,IZIZ,0.9736719813774196,2.6797869776481558,-0.8408815236660057,-1.5013155671434713,1.705755397384574,-2.463809585279419,2.8773525375533904,0.4392968986160199,-1.690383360786382,-0.4771719241814574,0.9477232996516652,-2.0099829580408484,-0.5587471883868139
-0.1954645539334722,-0.2372042835283443,-0.2185486907692728,ZIZI,1.2095512230217444,-2.0429378976939647,2.835214734608882,-2.5238305246652404,0.4678812134856343,-0.2071292700273308,0.0538426516127996,-1.251863145130101,-1.8657063683838169,2.5497016554958325,-1.4823671748217555,0.3426705716921199,-0.21245100390167518
0.0247087655197182,0.0327018023273559,0.0423151344727628,IIIZ,1.2095512230217444,-2.0429378976939647,2.835214734608882,-2.5238305246652404,0.4678812134856343,-0.2071292700273308,0.0538426516127996,-1.251863145130101,-1.8657063683838169,2.5497016554958325,-1.4823671748217555,0.3426705716921199,0.026133700831938795
0.1876274435474963,0.2167265558741493,0.2095012216537163,IIZZ,2.010528697370522,-0.6469268536557551,-0.7788203976709185,0.3486432071720209,2.0838270237410894,1.5676876148767835,2.177045481340256,-0.080177160727525,-0.6908491704036792,-1.1509967992852574,-1.014008442874494,2.1315957214439,0.21773989387501302
0.0644229005702556,0.0974529838644026,0.0728215148962686,IIZI,1.2095512230217444,-2.0429378976939647,2.835214734608882,-2.5238305246652404,0.4678812134856343,-0.2071292700273308,0.0538426516127996,-1.251863145130101,-1.8657063683838169,2.5497016554958325,-1.4823671748217555,0.3426705716921199,0.06786406614974112
0.0574087950246115,0.0951484218662155,0.0754892045810601,IZII,1.2095512230217444,-2.0429378976939647,2.835214734608882,-2.5238305246652404,0.4678812134856343,-0.2071292700273308,0.0538426516127996,-1.251863145130101,-1.8657063683838169,2.5497016554958325,-1.4823671748217555,0.3426705716921199,0.047037417028185695
-0.4374228569067342,-0.5069567577105161,-0.51113789784923,ZIIZ,0.9736719813774196,2.6797869776481558,-0.8408815236660057,-1.5013155671434713,1.705755397384574,-2.463809585279419,2.8773525375533904,0.4392968986160199,-1.690383360786382,-0.4771719241814574,0.9477232996516652,-2.0099829580408484,-0.4740576869294365
0.007003674179734,0.0151285844349384,0.0072680669839786,XXYY,0.9736719813774196,2.6797869776481558,-0.8408815236660057,-1.5013155671434713,1.705755397384574,-2.463809585279419,2.8773525375533904,0.4392968986160199,-1.690383360786382,-0.4771719241814574,0.9477232996516652,-2.0099829580408484,0.01167335302589661
0.2111299478042689,0.2429195117340413,0.249809331575679,YYYY,-3.0357447669766624,2.030495516836649,-1.9250382045949752,-2.025756418327644,-0.5535527742653721,0.1073929654202392,-1.6982239948380105,1.0820704808776087,-2.0175059746914936,-1.2861610498617375,-2.4857991762889258,-0.8020711813423262,0.21665205891672365
0.4189860197544531,0.4569113449704544,0.4541965639322908,ZIII,1.2095512230217444,-2.0429378976939647,2.835214734608882,-2.5238305246652404,0.4678812134856343,-0.2071292700273308,0.0538426516127996,-1.251863145130101,-1.8657063683838169,2.5497016554958325,-1.4823671748217555,0.3426705716921199,0.46255115708624905
-0.1239436681549158,-0.1556464477486596,-0.1355831647625041,YYXX,0.9736719813774196,2.6797869776481558,-0.8408815236660057,-1.5013155671434713,1.705755397384574,-2.463809585279419,2.8773525375533904,0.4392968986160199,-1.690383360786382,-0.4771719241814574,0.9477232996516652,-2.0099829580408484,-0.14404922027556596
-0.3409699711409995,-0.3556667261464956,-0.347576170916277,XXXX,2.372077691363637,-0.0332735027427837,-2.757909687249424,-1.1338343295788125,2.192741179390395,-1.9251085346705472,-2.008679446690108,0.3667149846286799,1.552479724628676,-3.005607945486994,0.3328141295382258,-0.6293214086591767,-0.37732446222207683
0.1257762652990706,0.1449395228825539,0.1635069415014511,IZZI,0.9736719813774196,2.6797869776481558,-0.8408815236660057,-1.5013155671434713,1.705755397384574,-2.463809585279419,2.8773525375533904,0.4392968986160199,-1.690383360786382,-0.4771719241814574,0.9477232996516652,-2.0099829580408484,0.14294179148051528
0.9857830988471008,0.9775857711420212,0.9668646207510206,IIII,-3.0357447669766624,2.030495516836649,-1.9250382045949752,-2.025756418327644,-0.5535527742653721,0.1073929654202392,-1.6982239948380105,1.0820704808776087,-2.0175059746914936,-1.2861610498617375,-2.4857991762889258,-0.8020711813423262,0.9332186820531884
-0.0030555851469167,0.0080028860279552,-0.0208596083194563,ZIZI,0.9736719813774196,2.6797869776481558,-0.8408815236660057,-1.5013155671434713,1.705755397384574,-2.463809585279419,2.8773525375533904,0.4392968986160199,-1.690383360786382,-0.4771719241814574,0.9477232996516652,-2.0099829580408484,0.010852366169535572
-0.5582602754363306,-0.6205694291608569,-0.6272568684529412,ZZII,-3.0357447669766624,2.030495516836649,-1.9250382045949752,-2.025756418327644,-0.5535527742653721,0.1073929654202392,-1.6982239948380105,1.0820704808776087,-2.0175059746914936,-1.2861610498617375,-2.4857991762889258,-0.8020711813423262,-0.6219752643709829
-0.015406839572754,-0.0334346837840014,-0.0142666444696185,IIZI,0.9736719813774196,2.6797869776481558,-0.8408815236660057,-1.5013155671434713,1.705755397384574,-2.463809585279419,2.8773525375533904,0.4392968986160199,-1.690383360786382,-0.4771719241814574,0.9477232996516652,-2.0099829580408484,0.010738103587505059
0.0110297781524627,0.012666877115271,-0.0012279636648017,IIZZ,-3.0357447669766624,2.030495516836649,-1.9250382045949752,-2.025756418327644,-0.5535527742653721,0.1073929654202392,-1.6982239948380105,1.0820704808776087,-2.0175059746914936,-1.2861610498617375,-2.4857991762889258,-0.8020711813423262,0.02203935891377395
0.1843306508777975,0.204528362293249,0.2114219960803901,IZIZ,-3.0357447669766624,2.030495516836649,-1.9250382045949752,-2.025756418327644,-0.5535527742653721,0.1073929654202392,-1.6982239948380105,1.0820704808776087,-2.0175059746914936,-1.2861610498617375,-2.4857991762889258,-0.8020711813423262,0.19971735151834571
-0.1472197987732421,-0.198404673828379,-0.1822135429786729,ZIIZ,-3.0357447669766624,2.030495516836649,-1.9250382045949752,-2.025756418327644,-0.5535527742653721,0.1073929654202392,-1.6982239948380105,1.0820704808776087,-2.0175059746914936,-1.2861610498617375,-2.4857991762889258,-0.8020711813423262,-0.16166321486601642
0.0832377801807873,0.0683277248764861,0.094746808787184,XXYY,-3.0357447669766624,2.030495516836649,-1.9250382045949752,-2.025756418327644,-0.5535527742653721,0.1073929654202392,-1.6982239948380105,1.0820704808776087,-2.0175059746914936,-1.2861610498617375,-2.4857991762889258,-0.8020711813423262,0.09663752642992199
0.0874815684697356,0.0813039287853772,0.0714048901559196,IZII,1.2095512230217444,-2.0429378976939647,2.835214734608882,-2.5238305246652404,0.4678812134856343,-0.2071292700273308,0.0538426516127996,-1.251863145130101,-1.8657063683838169,2.5497016554958325,-1.4823671748217555,0.3426705716921199,0.09120505942784791
0.0845652601431672,0.0918862853759385,0.0764645505672871,IIIZ,0.3682269445927768,0.4413236313054169,-1.2922363253946083,3.115103017582164,3.072436311939832,-0.8218385917765771,-0.9924955710027268,0.98671943914354,1.85850977822052,1.0652586087834433,1.1471609701457002,-2.3629519540406148,0.0960914820567393
-0.0491519674735978,-0.042278837133967,-0.0860419761264564,ZIII,0.3682269445927768,0.4413236313054169,-1.2922363253946083,3.115103017582164,3.072436311939832,-0.8218385917765771,-0.9924955710027268,0.98671943914354,1.85850977822052,1.0652586087834433,1.1471609701457002,-2.3629519540406148,-0.05767223812242284
-0.1942180683465963,-0.227013092247669,-0.1947459074155866,YYXX,0.3682269445927768,0.4413236313054169,-1.2922363253946083,3.115103017582164,3.072436311939832,-0.8218385917765771,-0.9924955710027268,0.98671943914354,1.85850977822052,1.0652586087834433,1.1471609701457002,-2.3629519540406148,-0.210411569094303
-0.0041475915205884,-0.0062939378516252,-0.0206440223231485,YYYY,0.3682269445927768,0.4413236313054169,-1.2922363253946083,3.115103017582164,3.072436311939832,-0.8218385917765771,-0.9924955710027268,0.98671943914354,1.85850977822052,1.0652586087834433,1.1471609701457002,-2.3629519540406148,-0.005797491288303588
0.5483524986009295,0.6472421506627071,0.619439808619257,ZZII,0.9736719813774196,2.6797869776481558,-0.8408815236660057,-1.5013155671434713,1.705755397384574,-2.463809585279419,2.8773525375533904,0.4392968986160199,-1.690383360786382,-0.4771719241814574,0.9477232996516652,-2.0099829580408484,0.6048659659443342
-0.489669643162191,-0.5439144817887704,-0.5244017013385306,XXXX,0.3682269445927768,0.4413236313054169,-1.2922363253946083,3.115103017582164,3.072436311939832,-0.8218385917765771,-0.9924955710027268,0.98671943914354,1.85850977822052,1.0652586087834433,1.1471609701457002,-2.3629519540406148,-0.5238418866776509
-0.3534144573148705,-0.3466244987111156,-0.3358779015742,IIIZ,1.1280275675925742,0.7023692556376204,-2.624298954669282,-3.079628490255971,0.3729065721648412,-0.4678639115031626,-2.8687907886247213,1.819895129845028,-2.7732472354026867,-2.453986781157754,-1.31209946169936,2.922496726916449,-0.3854029374756497
-0.531614760102889,-0.5313417283192997,-0.526865387537664,IIZI,1.1280275675925742,0.7023692556376204,-2.624298954669282,-3.079628490255971,0.3729065721648412,-0.4678639115031626,-2.8687907886247213,1.819895129845028,-2.7732472354026867,-2.453986781157754,-1.31209946169936,2.922496726916449,-0.5946221555634249
1.0020240595714591,1.0138357404662626,1.0119346778898315,IIII,1.1280275675925742,0.7023692556376204,-2.624298954669282,-3.079628490255971,0.3729065721648412,-0.4678639115031626,-2.8687907886247213,1.819895129845028,-2.7732472354026867,-2.453986781157754,-1.31209946169936,2.922496726916449,0.9310883626930604
0.2050718185704036,0.2063137730904121,0.2438298522211791,IIZZ,1.1280275675925742,0.7023692556376204,-2.624298954669282,-3.079628490255971,0.3729065721648412,-0.4678639115031626,-2.8687907886247213,1.819895129845028,-2.7732472354026867,-2.453986781157754,-1.31209946169936,2.922496726916449,0.21003662916673477
0.1767631772653229,0.2122943710122249,0.1759601675521077,ZIZI,0.3682269445927768,0.4413236313054169,-1.2922363253946083,3.115103017582164,3.072436311939832,-0.8218385917765771,-0.9924955710027268,0.98671943914354,1.85850977822052,1.0652586087834433,1.1471609701457002,-2.3629519540406148,0.2097175487501734
0.1929862743558849,0.2131723549402713,0.2182352856999301,IZZI,0.3682269445927768,0.4413236313054169,-1.2922363253946083,3.115103017582164,3.072436311939832,-0.8218385917765771,-0.9924955710027268,0.98671943914354,1.85850977822052,1.0652586087834433,1.1471609701457002,-2.3629519540406148,0.21470518878165415
0.516706649711325,0.5597188384523241,0.5506083101652642,IZII,-3.0357447669766624,2.030495516836649,-1.9250382045949752,-2.025756418327644,-0.5535527742653721,0.1073929654202392,-1.6982239948380105,1.0820704808776087,-2.0175059746914936,-1.2861610498617375,-2.4857991762889258,-0.8020711813423262,0.5757113640180472
-0.1548734084321294,-0.1930993971871969,-0.2111308022449975,IZIZ,1.1280275675925742,0.7023692556376204,-2.624298954669282,-3.079628490255971,0.3729065721648412,-0.4678639115031626,-2.8687907886247213,1.819895129845028,-2.7732472354026867,-2.453986781157754,-1.31209946169936,2.922496726916449,-0.17066147146283356
-0.3575884971067308,-0.4148784831222152,-0.3823039273373664,YYXX,1.1280275675925742,0.7023692556376204,-2.624298954669282,-3.079628490255971,0.3729065721648412,-0.4678639115031626,-2.8687907886247213,1.819895129845028,-2.7732472354026867,-2.453986781157754,-1.31209946169936,2.922496726916449,-0.38575729867621594
-0.2619714510072753,-0.29411855453175,-0.2515521969698876,XXXX,1.1280275675925742,0.7023692556376204,-2.624298954669282,-3.079628490255971,0.3729065721648412,-0.4678639115031626,-2.8687907886247213,1.819895129845028,-2.7732472354026867,-2.453986781157754,-1.31209946169936,2.922496726916449,-0.2887666157509105
0.1936347951343293,0.2231939208452648,0.1968539412839781,ZIII,-2.0473624454376798,-2.1142605486943458,-0.0078916998929976,1.7163563509043716,-1.8738100639828248,1.116497742549897,-2.5822307368586714,1.3595771964419807,2.1508797233831194,0.5369119225103409,2.505100270802316,-2.1915246389060843,0.21162850926241336
-0.2214072326512462,-0.2342993092486222,-0.2547842268710799,ZIIZ,-2.0473624454376798,-2.1142605486943458,-0.0078916998929976,1.7163563509043716,-1.8738100639828248,1.116497742549897,-2.5822307368586714,1.3595771964419807,2.1508797233831194,0.5369119225103409,2.505100270802316,-2.1915246389060843,-0.2526044317686815
-0.0447004132781745,-0.0416384036781568,-0.040173341789247,XXYY,-2.0473624454376798,-2.1142605486943458,-0.0078916998929976,1.7163563509043716,-1.8738100639828248,1.116497742549897,-2.5822307368586714,1.3595771964419807,2.1508797233831194,0.5369119225103409,2.505100270802316,-2.1915246389060843,-0.05437550612298615
-0.1828252294694663,-0.2010017171660568,-0.1990958987102476,YYYY,-2.0473624454376798,-2.1142605486943458,-0.0078916998929976,1.7163563509043716,-1.8738100639828248,1.116497742549897,-2.5822307368586714,1.3595771964419807,2.1508797233831194,0.5369119225103409,2.505100270802316,-2.1915246389060843,-0.20660023490858992
0.1904166336224753,0.2253074331892945,0.2051228735213809,IZZI,0.3682269445927768,0.4413236313054169,-1.2922363253946083,3.115103017582164,3.072436311939832,-0.8218385917765771,-0.9924955710027268,0.98671943914354,1.85850977822052,1.0652586087834433,1.1471609701457002,-2.3629519540406148,0.21454847225416124
0.108645985388301,0.1535554793203962,0.1255897359132202,ZIZI,-2.0473624454376798,-2.1142605486943458,-0.0078916998929976,1.7163563509043716,-1.8738100639828248,1.116497742549897,-2.5822307368586714,1.3595771964419807,2.1508797233831194,0.5369119225103409,2.505100270802316,-2.1915246389060843,0.11960382209883638
-0.4181897684171007,-0.4495486043933931,-0.4876515484810654,ZZII,-2.0473624454376798,-2.1142605486943458,-0.0078916998929976,1.7163563509043716,-1.8738100639828248,1.116497742549897,-2.5822307368586714,1.3595771964419807,2.1508797233831194,0.5369119225103409,2.505100270802316,-2.1915246389060843,-0.45166510570416357
0.9837948508153528,0.9885921853456068,1.00021080085684,IIII,-2.0473624454376798,-2.1142605486943458,-0.0078916998929976,1.7163563509043716,-1.8738100639828248,1.116497742549897,-2.5822307368586714,1.3595771964419807,2.1508797233831194,0.5369119225103409,2.505100270802316,-2.1915246389060843,0.9366523261567115
-0.2965229194538685,-0.3106673864487882,-0.3271004261326289,IIIZ,2.125730201444302,1.5430051620718608,-0.2203105034204147,0.236347255089329,1.291539632083146,1.9193454425171077,-3.00460906796083,0.91927016432249,-1.2335145655746205,1.688977224791647,1.8267272450382637,-2.4483688695942374,-0.3325402663398515
-0.1543966251375402,-0.1546967140602003,-0.1909290967817286,IZIZ,1.1280275675925742,0.7023692556376204,-2.624298954669282,-3.079628490255971,0.3729065721648412,-0.4678639115031626,-2.8687907886247213,1.819895129845028,-2.7732472354026867,-2.453986781157754,-1.31209946169936,2.922496726916449,-0.16739431904825028
-0.1149110724708093,-0.1192046559241734,-0.113139966134112,XXYY,1.6483584916570049,2.2234204431257467,2.8080567895107063,3.0655120496554025,-2.648455228715894,-1.674520972641785,0.2836932185585845,2.023719831700189,1.1103078051539974,0.4731838071627257,2.8499892224968164,-0.6037305528566761,-0.12929295806403066
0.0505453758866512,0.0722139172936076,0.0648726920405327,IIZI,2.125730201444302,1.5430051620718608,-0.2203105034204147,0.236347255089329,1.291539632083146,1.9193454425171077,-3.00460906796083,0.91927016432249,-1.2335145655746205,1.688977224791647,1.8267272450382637,-2.4483688695942374,0.057138646492603085
-0.0146407575657026,-0.0038948522960096,-0.0089343340934578,IIZZ,2.125730201444302,1.5430051620718608,-0.2203105034204147,0.236347255089329,1.291539632083146,1.9193454425171077,-3.00460906796083,0.91927016432249,-1.2335145655746205,1.688977224791647,1.8267272450382637,-2.4483688695942374,0.003323502098581243
0.0336240618870393,0.0623615310688552,0.0438550354332959,IZII,2.125730201444302,1.5430051620718608,-0.2203105034204147,0.236347255089329,1.291539632083146,1.9193454425171077,-3.00460906796083,0.91927016432249,-1.2335145655746205,1.688977224791647,1.8267272450382637,-2.4483688695942374,0.03245322811416507
0.0271740795164468,0.0300053687035113,0.0212337918750858,ZIII,2.125730201444302,1.5430051620718608,-0.2203105034204147,0.236347255089329,1.291539632083146,1.9193454425171077,-3.00460906796083,0.91927016432249,-1.2335145655746205,1.688977224791647,1.8267272450382637,-2.4483688695942374,0.030632718798463715
-0.1379859796539109,-0.1367422342682458,-0.0973499919562674,ZIIZ,2.125730201444302,1.5430051620718608,-0.2203105034204147,0.236347255089329,1.291539632083146,1.9193454425171077,-3.00460906796083,0.91927016432249,-1.2335145655746205,1.688977224791647,1.8267272450382637,-2.4483688695942374,-0.14357939666666103
-0.0179609835932738,-0.0328951767834431,-0.0212771505277511,IZZI,1.6483584916570049,2.2234204431257467,2.8080567895107063,3.0655120496554025,-2.648455228715894,-1.674520972641785,0.2836932185585845,2.023719831700189,1.1103078051539974,0.4731838071627257,2.8499892224968164,-0.6037305528566761,0.0009298163349875075
0.0542360904441821,0.0757435232913622,0.0940875323312068,YYYY,2.125730201444302,1.5430051620718608,-0.2203105034204147,0.236347255089329,1.291539632083146,1.9193454425171077,-3.00460906796083,0.91927016432249,-1.2335145655746205,1.688977224791647,1.8267272450382637,-2.4483688695942374,0.05845701465216809
0.164531755639527,0.1590617004185986,0.1695757056248538,ZIZI,1.6483584916570049,2.2234204431257467,2.8080567895107063,3.0655120496554025,-2.648455228715894,-1.674520972641785,0.2836932185585845,2.023719831700189,1.1103078051539974,0.4731838071627257,2.8499892224968164,-0.6037305528566761,0.1749841328835836
-0.2172099303997303,-0.2530546225015255,-0.2361249960576064,YYXX,-2.0473624454376798,-2.1142605486943458,-0.0078916998929976,1.7163563509043716,-1.8738100639828248,1.116497742549897,-2.5822307368586714,1.3595771964419807,2.1508797233831194,0.5369119225103409,2.505100270802316,-2.1915246389060843,-0.24261855636167592
0.1834364256378897,0.2152119764559409,0.2164006550023899,ZZII,1.6483584916570049,2.2234204431257467,2.8080567895107063,3.0655120496554025,-2.648455228715894,-1.674520972641785,0.2836932185585845,2.023719831700189,1.1103078051539974,0.4731838071627257,2.8499892224968164,-0.6037305528566761,0.2161271178311026
1.0023806637902115,1.0062686719369005,0.998435407981362,IIII,1.6483584916570049,2.2234204431257467,2.8080567895107063,3.0655120496554025,-2.648455228715894,-1.674520972641785,0.2836932185585845,2.023719831700189,1.1103078051539974,0.4731838071627257,2.8499892224968164,-0.6037305528566761,0.9284032379801626
0.3723884136399785,0.431336186612637,0.4398147390598149,XXXX,-2.2903645905299195,3.0302525987849984,1.676735960443211,-0.4943507878597724,0.0981798070414337,0.8458117695458194,-1.9545449369794952,-2.8610085236340668,2.046975105482363,0.2096901073766863,0.594035075182378,3.1375868511830607,0.39278752934840616
0.3955384102495219,0.438353523374753,0.4194416873647702,IIIZ,1.6483584916570049,2.2234204431257467,2.8080567895107063,3.0655120496554025,-2.648455228715894,-1.674520972641785,0.2836932185585845,2.023719831700189,1.1103078051539974,0.4731838071627257,2.8499892224968164,-0.6037305528566761,0.43482132633484155
0.1928557795704596,0.2033552961503364,0.2179299353977361,IIZZ,1.6483584916570049,2.2234204431257467,2.8080567895107063,3.0655120496554025,-2.648455228715894,-1.674520972641785,0.2836932185585845,2.023719831700189,1.1103078051539974,0.4731838071627257,2.8499892224968164,-0.6037305528566761,0.2195632989223174
-0.6212350748809066,-0.6641761801121988,-0.7180482000834051,IIZI,-2.2903645905299195,3.0302525987849984,1.676735960443211,-0.4943507878597724,0.0981798070414337,0.8458117695458194,-1.9545449369794952,-2.8610085236340668,2.046975105482363,0.2096901073766863,0.594035075182378,3.1375868511830607,-0.6758304534353234
-0.0965908722558736,-0.1237066734174867,-0.1371658814089231,IZII,-2.2903645905299195,3.0302525987849984,1.676735960443211,-0.4943507878597724,0.0981798070414337,0.8458117695458194,-1.9545449369794952,-2.8610085236340668,2.046975105482363,0.2096901073766863,0.594035075182378,3.1375868511830607,-0.10573790550302013
0.2364352898021917,0.2685279506655137,0.2711383075360771,YYYY,0.8189634401011991,-1.3497936864655986,2.0411591980871764,-2.357356633411358,-0.0263055241717817,1.7767490294855914,-2.731943488419638,-0.5194576604074599,-2.704218238211667,-0.957753962058193,-1.6355752533933932,-0.5756169646449796,0.25934530009896123
-0.0012457523392508,0.0403301908496461,0.0274306854831748,IZIZ,2.125730201444302,1.5430051620718608,-0.2203105034204147,0.236347255089329,1.291539632083146,1.9193454425171077,-3.00460906796083,0.91927016432249,-1.2335145655746205,1.688977224791647,1.8267272450382637,-2.4483688695942374,-0.0011958653340666796
-0.1068664959122895,-0.1299368996225688,-0.1292406654424102,XXXX,0.8189634401011991,-1.3497936864655986,2.0411591980871764,-2.357356633411358,-0.0263055241717817,1.7767490294855914,-2.731943488419638,-0.5194576604074599,-2.704218238211667,-0.957753962058193,-1.6355752533933932,-0.5756169646449796,-0.11554358874446478
0.3285937614943164,0.3766934148411265,0.3681441186616685,ZIII,-2.2903645905299195,3.0302525987849984,1.676735960443211,-0.4943507878597724,0.0981798070414337,0.8458117695458194,-1.9545449369794952,-2.8610085236340668,2.046975105482363,0.2096901073766863,0.594035075182378,3.1375868511830607,0.34764048919291624
-0.5333131485365923,-0.5783039573150972,-0.5797854896990535,IZZI,0.8189634401011991,-1.3497936864655986,2.0411591980871764,-2.357356633411358,-0.0263055241717817,1.7767490294855914,-2.731943488419638,-0.5194576604074599,-2.704218238211667,-0.957753962058193,-1.6355752533933932,-0.5756169646449796,-0.6016576531371784
0.3643499144450915,0.4299885004161182,0.4163796557246287,XXYY,-2.2903645905299195,3.0302525987849984,1.676735960443211,-0.4943507878597724,0.0981798070414337,0.8458117695458194,-1.9545449369794952,-2.8610085236340668,2.046975105482363,0.2096901073766863,0.594035075182378,3.1375868511830607,0.3832615407346767
0.175124823615539,0.215631868316268,0.1763101735825293,ZZII,1.6483584916570049,2.2234204431257467,2.8080567895107063,3.0655120496554025,-2.648455228715894,-1.674520972641785,0.2836932185585845,2.023719831700189,1.1103078051539974,0.4731838071627257,2.8499892224968164,-0.6037305528566761,0.20126383055298255
0.4038972694754595,0.4710558866666253,0.4500268245952495,ZIIZ,-2.2903645905299195,3.0302525987849984,1.676735960443211,-0.4943507878597724,0.0981798070414337,0.8458117695458194,-1.9545449369794952,-2.8610085236340668,2.046975105482363,0.2096901073766863,0.594035075182378,3.1375868511830607,0.4297180092800156
-0.0443194396347039,-0.031760518086015,-0.0143293718989356,YYXX,-2.2903645905299195,3.0302525987849984,1.676735960443211,-0.4943507878597724,0.0981798070414337,0.8458117695458194,-1.9545449369794952,-2.8610085236340668,2.046975105482363,0.2096901073766863,0.594035075182378,3.1375868511830607,-0.04974536030385066
-0.658273717344319,-0.6614100882303175,-0.6683149601594177,IIIZ,0.8189634401011991,-1.3497936864655986,2.0411591980871764,-2.357356633411358,-0.0263055241717817,1.7767490294855914,-2.731943488419638,-0.5194576604074599,-2.704218238211667,-0.957753962058193,-1.6355752533933932,-0.5756169646449796,-0.747595240530789
0.5663346136143792,0.6078148196049741,0.6259218112692329,ZIZI,-2.021321462292442,-0.2723103343958932,0.6059067846878481,1.46521472602182,2.9186146850213817,-1.82198106966864,-0.5837330661953231,0.1634752135570938,0.4085346510877947,-0.9951858492568668,-2.05059363128999,-2.0289673186333275,0.6077067974090491
-0.7419985587769272,-0.7747222209891628,-0.790766154274937,IIZZ,0.8189634401011991,-1.3497936864655986,2.0411591980871764,-2.357356633411358,-0.0263055241717817,1.7767490294855914,-2.731943488419638,-0.5194576604074599,-2.704218238211667,-0.957753962058193,-1.6355752533933932,-0.5756169646449796,-0.8134274126930164
0.998854781160469,1.0122816247320676,0.9920297431801648,IIII,-2.021321462292442,-0.2723103343958932,0.6059067846878481,1.46521472602182,2.9186146850213817,-1.82198106966864,-0.5837330661953231,0.1634752135570938,0.4085346510877947,-0.9951858492568668,-2.05059363128999,-2.0289673186333275,0.935100062308353
0.5343983977456002,0.5879574731180494,0.6213779461185973,IZIZ,0.8189634401011991,-1.3497936864655986,2.0411591980871764,-2.357356633411358,-0.0263055241717817,1.7767490294855914,-2.731943488419638,-0.5194576604074599,-2.704218238211667,-0.957753962058193,-1.6355752533933932,-0.5756169646449796,0.5863273917514584
0.0113865093305825,0.0094082990468784,0.0321241145547591,ZIII,0.8189634401011991,-1.3497936864655986,2.0411591980871764,-2.357356633411358,-0.0263055241717817,1.7767490294855914,-2.731943488419638,-0.5194576604074599,-2.704218238211667,-0.957753962058193,-1.6355752533933932,-0.5756169646449796,0.018659458476322003
0.6754295711548552,0.7302996003610961,0.7429493976106879,IIZI,-2.021321462292442,-0.2723103343958932,0.6059067846878481,1.46521472602182,2.9186146850213817,-1.82198106966864,-0.5837330661953231,0.1634752135570938,0.4085346510877947,-0.9951858492568668,-2.05059363128999,-2.0289673186333275,0.7458369224011498
0.2434622529062215,0.2774885172778229,0.2481346663532518,YYYY,-2.1204329178989774,-1.427138319334936,2.512121096836081,0.2613265732438239,2.119765431832501,-0.8923050615671735,-2.1038703137315,-1.2133934797093096,-2.1157049302483117,-0.1738227365780784,-0.1203455005868279,1.5769329020233016,0.26569019224897233
-0.2446151914699308,-0.2754425227562214,-0.27008840116357,YYXX,-2.1204329178989774,-1.427138319334936,2.512121096836081,0.2613265732438239,2.119765431832501,-0.8923050615671735,-2.1038703137315,-1.2133934797093096,-2.1157049302483117,-0.1738227365780784,-0.1203455005868279,1.5769329020233016,-0.26720305051600757
-0.096857125395272,-0.1077771767822048,-0.1199774941329118,IZII,-2.2903645905299195,3.0302525987849984,1.676735960443211,-0.4943507878597724,0.0981798070414337,0.8458117695458194,-1.9545449369794952,-2.8610085236340668,2.046975105482363,0.2096901073766863,0.594035075182378,3.1375868511830607,-0.10573790550302013
0.3592621648574595,0.4190027566102845,0.4034619345667206,ZIIZ,-2.021321462292442,-0.2723103343958932,0.6059067846878481,1.46521472602182,2.9186146850213817,-1.82198106966864,-0.5837330661953231,0.1634752135570938,0.4085346510877947,-0.9951858492568668,-2.05059363128999,-2.0289673186333275,0.3982444110024087
-0.0125509131727134,0.0103012721843712,0.0343989127862933,XXYY,-2.021321462292442,-0.2723103343958932,0.6059067846878481,1.46521472602182,2.9186146850213817,-1.82198106966864,-0.5837330661953231,0.1634752135570938,0.4085346510877947,-0.9951858492568668,-2.05059363128999,-2.0289673186333275,-0.001022452524623903
0.1873166776319031,0.2148923602681771,0.2405946519672719,ZIZI,-2.1204329178989774,-1.427138319334936,2.512121096836081,0.2613265732438239,2.119765431832501,-0.8923050615671735,-2.1038703137315,-1.2133934797093096,-2.1157049302483117,-0.1738227365780784,-0.1203455005868279,1.5769329020233016,0.22289702789851895
-0.6455235962057266,-0.6660753562391734,-0.6840512843085029,IIIZ,0.8189634401011991,-1.3497936864655986,2.0411591980871764,-2.357356633411358,-0.0263055241717817,1.7767490294855914,-2.731943488419638,-0.5194576604074599,-2.704218238211667,-0.957753962058193,-1.6355752533933932,-0.5756169646449796,-0.6973560999042578
-0.0099467667393251,-0.0280703806851844,0.0213861279831244,XXXX,-2.021321462292442,-0.2723103343958932,0.6059067846878481,1.46521472602182,2.9186146850213817,-1.82198106966864,-0.5837330661953231,0.1634752135570938,0.4085346510877947,-0.9951858492568668,-2.05059363128999,-2.0289673186333275,-0.0013414253343044485
0.0641834567934133,0.0725432333989669,0.0925328067614919,IIZI,-2.1204329178989774,-1.427138319334936,2.512121096836081,0.2613265732438239,2.119765431832501,-0.8923050615671735,-2.1038703137315,-1.2133934797093096,-2.1157049302483117,-0.1738227365780784,-0.1203455005868279,1.5769329020233016,0.07910392471560558
0.1960500749576472,0.1928071967048255,0.2074579167294686,IIZZ,-2.1204329178989774,-1.427138319334936,2.512121096836081,0.2613265732438239,2.119765431832501,-0.8923050615671735,-2.1038703137315,-1.2133934797093096,-2.1157049302483117,-0.1738227365780784,-0.1203455005868279,1.5769329020233016,0.22302455910232324
0.3213404470518258,0.3838087239255081,0.3977704149850655,IZZI,-2.021321462292442,-0.2723103343958932,0.6059067846878481,1.46521472602182,2.9186146850213817,-1.82198106966864,-0.5837330661953231,0.1634752135570938,0.4085346510877947,-0.9951858492568668,-2.05059363128999,-2.0289673186333275,0.3585932960339601
0.9922413126316096,0.9909499548148054,1.0182235531783266,IIII,-0.6547416012875202,-1.664336662280546,-0.0771940254146041,-1.8741442335865688,3.0109090694533576,1.6637314466480824,2.9994253999786995,2.100573214684216,1.806573420233275,1.6235938445346223,-2.520308899728117,-0.6341064934469083,0.9268166985135659
-0.3826878854920556,-0.3980638019748365,-0.4430944737683805,ZZII,-0.6547416012875202,-1.664336662280546,-0.0771940254146041,-1.8741442335865688,3.0109090694533576,1.6637314466480824,2.9994253999786995,2.100573214684216,1.806573420233275,1.6235938445346223,-2.520308899728117,-0.6341064934469083,-0.4200535878591081
-0.0021226817059441,-0.03211789840956,-0.0389025245941121,ZIII,-2.1204329178989774,-1.427138319334936,2.512121096836081,0.2613265732438239,2.119765431832501,-0.8923050615671735,-2.1038703137315,-1.2133934797093096,-2.1157049302483117,-0.1738227365780784,-0.1203455005868279,1.5769329020233016,-0.005287720532121637
-0.0570957059793352,-0.0774606690380465,-0.0482327492781461,XXYY,-2.1204329178989774,-1.427138319334936,2.512121096836081,0.2613265732438239,2.119765431832501,-0.8923050615671735,-2.1038703137315,-1.2133934797093096,-2.1157049302483117,-0.1738227365780784,-0.1203455005868279,1.5769329020233016,-0.06460391287660712
0.3276355583726569,0.3791708932761318,0.3493109296030323,YYXX,-2.692014919575332,-1.4910935872199926,-2.2778561111860416,-2.501505430435822,1.6833056263038602,1.0011528732892856,2.2926236123655928,3.004420964674263,1.8506881885277255,2.0424139870622176,0.6879789995820342,-1.2260648753418109,0.3673266240482406
0.091605991995981,0.1311567153310367,0.1082106109171387,IZII,-0.6547416012875202,-1.664336662280546,-0.0771940254146041,-1.8741442335865688,3.0109090694533576,1.6637314466480824,2.9994253999786995,2.100573214684216,1.806573420233275,1.6235938445346223,-2.520308899728117,-0.6341064934469083,0.10072055226012029
0.4221513975222362,0.4497306046723452,0.448463347089917,XXXX,-2.692014919575332,-1.4910935872199926,-2.2778561111860416,-2.501505430435822,1.6833056263038602,1.0011528732892856,2.2926236123655928,3.004420964674263,1.8506881885277255,2.0424139870622176,0.6879789995820342,-1.2260648753418109,0.472640594206917
0.5860461268955385,0.657858164006629,0.645670745898126,IZIZ,-2.021321462292442,-0.2723103343958932,0.6059067846878481,1.46521472602182,2.9186146850213817,-1.82198106966864,-0.5837330661953231,0.1634752135570938,0.4085346510877947,-0.9951858492568668,-2.05059363128999,-2.0289673186333275,0.6561127210574733
0.0463208362472075,0.0460892373412278,0.0349206289164411,YYYY,-0.6547416012875202,-1.664336662280546,-0.0771940254146041,-1.8741442335865688,3.0109090694533576,1.6637314466480824,2.9994253999786995,2.100573214684216,1.806573420233275,1.6235938445346223,-2.520308899728117,-0.6341064934469083,0.04628577210051489
-0.0429528677221347,-0.0500259637544549,-0.0348004343186192,ZIIZ,-0.6547416012875202,-1.664336662280546,-0.0771940254146041,-1.8741442335865688,3.0109090694533576,1.6637314466480824,2.9994253999786995,2.100573214684216,1.806573420233275,1.6235938445346223,-2.520308899728117,-0.6341064934469083,-0.05708548793923053
-0.2613134218381098,-0.2687684787270298,-0.212293424244588,ZZII,-2.9148454556173564,-1.1993622230078786,-0.5022834064590569,2.940328914313347,-0.9358584002678558,-1.4033875654561316,0.2609027107549369,1.5104906387936603,1.5893909142434453,2.3781104646124573,-0.2987113665396586,-0.0156688424855233,-0.30213208934996444
0.990677121476518,0.9999414192308664,1.001891214636171,IIII,-2.692014919575332,-1.4910935872199926,-2.2778561111860416,-2.501505430435822,1.6833056263038602,1.0011528732892856,2.2926236123655928,3.004420964674263,1.8506881885277255,2.0424139870622176,0.6879789995820342,-1.2260648753418109,0.9273935340847858
-0.3387971400963989,-0.3671270198144662,-0.3368501152475047,IIIZ,-2.9148454556173564,-1.1993622230078786,-0.5022834064590569,2.940328914313347,-0.9358584002678558,-1.4033875654561316,0.2609027107549369,1.5104906387936603,1.5893909142434453,2.3781104646124573,-0.2987113665396586,-0.0156688424855233,-0.37180934098253055
-0.4110363934575848,-0.4780056449759657,-0.4781831208904271,IZZI,-0.6547416012875202,-1.664336662280546,-0.0771940254146041,-1.8741442335865688,3.0109090694533576,1.6637314466480824,2.9994253999786995,2.100573214684216,1.806573420233275,1.6235938445346223,-2.520308899728117,-0.6341064934469083,-0.44345168254864
0.4665004500498157,0.5353600061882271,0.491607347256795,ZIZI,-0.6547416012875202,-1.664336662280546,-0.0771940254146041,-1.8741442335865688,3.0109090694533576,1.6637314466480824,2.9994253999786995,2.100573214684216,1.806573420233275,1.6235938445346223,-2.520308899728117,-0.6341064934469083,0.5270247589426413
0.1447516664154139,0.1834720511759574,0.1910197487026488,IIZZ,-2.692014919575332,-1.4910935872199926,-2.2778561111860416,-2.501505430435822,1.6833056263038602,1.0011528732892856,2.2926236123655928,3.004420964674263,1.8506881885277255,2.0424139870622176,0.6879789995820342,-1.2260648753418109,0.15629762087965482
0.0892294282734784,0.078256799721153,0.0903382959903672,IIZI,-2.1204329178989774,-1.427138319334936,2.512121096836081,0.2613265732438239,2.119765431832501,-0.8923050615671735,-2.1038703137315,-1.2133934797093096,-2.1157049302483117,-0.1738227365780784,-0.1203455005868279,1.5769329020233016,0.09692965244915622
0.2075465531309108,0.2002268529694355,0.2026869770585156,IZII,-2.692014919575332,-1.4910935872199926,-2.2778561111860416,-2.501505430435822,1.6833056263038602,1.0011528732892856,2.2926236123655928,3.004420964674263,1.8506881885277255,2.0424139870622176,0.6879789995820342,-1.2260648753418109,0.21809256181744766
0.0800142202838977,0.1246004410361927,0.0988817934195709,ZIII,-2.9148454556173564,-1.1993622230078786,-0.5022834064590569,2.940328914313347,-0.9358584002678558,-1.4033875654561316,0.2609027107549369,1.5104906387936603,1.5893909142434453,2.3781104646124573,-0.2987113665396586,-0.0156688424855233,0.10240309574890245
0.2845140092054248,0.3255036574282837,0.3099042322306746,YYYY,-2.692014919575332,-1.4910935872199926,-2.2778561111860416,-2.501505430435822,1.6833056263038602,1.0011528732892856,2.2926236123655928,3.004420964674263,1.8506881885277255,2.0424139870622176,0.6879789995820342,-1.2260648753418109,0.31364502963461094
-0.5031609052274364,-0.5609571639053036,-0.537329061503665,YYXX,-2.9148454556173564,-1.1993622230078786,-0.5022834064590569,2.940328914313347,-0.9358584002678558,-1.4033875654561316,0.2609027107549369,1.5104906387936603,1.5893909142434453,2.3781104646124573,-0.2987113665396586,-0.0156688424855233,-0.5572471717560785
0.0212675187724208,0.0175899705060022,0.0725036406316183,XXYY,-2.692014919575332,-1.4910935872199926,-2.2778561111860416,-2.501505430435822,1.6833056263038602,1.0011528732892856,2.2926236123655928,3.004420964674263,1.8506881885277255,2.0424139870622176,0.6879789995820342,-1.2260648753418109,0.02281630799259312
0.1369707686769201,0.1616813672728234,0.1725200318781548,IZIZ,-1.4693801579418218,-3.0675853631040706,-0.8896667309753896,1.7122913031932685,-0.4290915116571532,0.9813545406096642,-0.7517488061035014,-1.073245722384594,-2.229023254925081,-1.348240418947878,2.048609361300583,-1.3927653534695297,0.16055126741113362
-0.0297347089938872,-0.0274304699821818,-0.0208194725858789,IZZI,-2.9148454556173564,-1.1993622230078786,-0.5022834064590569,2.940328914313347,-0.9358584002678558,-1.4033875654561316,0.2609027107549369,1.5104906387936603,1.5893909142434453,2.3781104646124573,-0.2987113665396586,-0.0156688424855233,-0.018506180361662173
0.2912770017152892,0.3360402723200394,0.336189067049179,ZIIZ,-1.4693801579418218,-3.0675853631040706,-0.8896667309753896,1.7122913031932685,-0.4290915116571532,0.9813545406096642,-0.7517488061035014,-1.073245722384594,-2.229023254925081,-1.348240418947878,2.048609361300583,-1.3927653534695297,0.3204558572443228
-0.2732539258902391,-0.2656728264533097,-0.2570029045831455,ZZII,-2.9148454556173564,-1.1993622230078786,-0.5022834064590569,2.940328914313347,-0.9358584002678558,-1.4033875654561316,0.2609027107549369,1.5104906387936603,1.5893909142434453,2.3781104646124573,-0.2987113665396586,-0.0156688424855233,-0.3035504016941817
-0.401858389205867,-0.4530958003964637,-0.4609241992105367,XXXX,-0.6547416012875202,-1.664336662280546,-0.0771940254146041,-1.8741442335865688,3.0109090694533576,1.6637314466480824,2.9994253999786995,2.100573214684216,1.806573420233275,1.6235938445346223,-2.520308899728117,-0.6341064934469083,-0.4438550199786869
-0.3194725118664001,-0.3461345061178766,-0.3721887722455969,IIIZ,-2.9148454556173564,-1.1993622230078786,-0.5022834064590569,2.940328914313347,-0.9358584002678558,-1.4033875654561316,0.2609027107549369,1.5104906387936603,1.5893909142434453,2.3781104646124573,-0.2987113665396586,-0.0156688424855233,-0.36206164030887505
-0.7755128801032704,-0.8187016912540717,-0.8183987964569542,IIZI,-2.633303906061097,0.4268246412932628,3.0294703717005094,0.0208760986168794,-3.1217713400336864,-0.9306750816017528,0.9913379764340018,1.1751266244248306,-2.948073445216276,1.119103754437968,-3.090282968922726,-0.2444645652344688,-0.8797023645968461
0.2869586592062919,0.327813615604808,0.3097396844927192,IZII,-2.633303906061097,0.4268246412932628,3.0294703717005094,0.0208760986168794,-3.1217713400336864,-0.9306750816017528,0.9913379764340018,1.1751266244248306,-2.948073445216276,1.119103754437968,-3.090282968922726,-0.2444645652344688,0.31771448440988925
-0.2687494435626547,-0.2989217422782775,-0.2617797152115261,ZIZI,-1.4693801579418218,-3.0675853631040706,-0.8896667309753896,1.7122913031932685,-0.4290915116571532,0.9813545406096642,-0.7517488061035014,-1.073245722384594,-2.229023254925081,-1.348240418947878,2.048609361300583,-1.3927653534695297,-0.2903723899191052
0.4777574782865498,0.5136750190141219,0.5023651553491293,ZIII,-2.692014919575332,-1.4910935872199926,-2.2778561111860416,-2.501505430435822,1.6833056263038602,1.0011528732892856,2.2926236123655928,3.004420964674263,1.8506881885277255,2.0424139870622176,0.6879789995820342,-1.2260648753418109,0.5201689112753501
1.0100479951258654,0.988928715139786,1.0038119688082467,IIII,-1.4693801579418218,-3.0675853631040706,-0.8896667309753896,1.7122913031932685,-0.4290915116571532,0.9813545406096642,-0.7517488061035014,-1.073245722384594,-2.229023254925081,-1.348240418947878,2.048609361300583,-1.3927653534695297,0.9393162751558648
0.1483568792131424,0.1502006787962144,0.1497216441996723,IZIZ,-1.4693801579418218,-3.0675853631040706,-0.8896667309753896,1.7122913031932685,-0.4290915116571532,0.9813545406096642,-0.7517488061035014,-1.073245722384594,-2.229023254925081,-1.348240418947878,2.048609361300583,-1.3927653534695297,0.1634120402830264
-0.3791271950841041,-0.3860742398913185,-0.4013961641690544,IIZZ,-1.4693801579418218,-3.0675853631040706,-0.8896667309753896,1.7122913031932685,-0.4290915116571532,0.9813545406096642,-0.7517488061035014,-1.073245722384594,-2.229023254925081,-1.348240418947878,2.048609361300583,-1.3927653534695297,-0.4190408392333878
0.1362435137722563,0.1517171568925833,0.1334522677679046,YYXX,-2.633303906061097,0.4268246412932628,3.0294703717005094,0.0208760986168794,-3.1217713400336864,-0.9306750816017528,0.9913379764340018,1.1751266244248306,-2.948073445216276,1.119103754437968,-3.090282968922726,-0.2444645652344688,0.15912908410006651
0.0059839459951821,-0.0026762692813702,-0.0040217556162295,XXXX,-2.9148454556173564,-1.1993622230078786,-0.5022834064590569,2.940328914313347,-0.9358584002678558,-1.4033875654561316,0.2609027107549369,1.5104906387936603,1.5893909142434453,2.3781104646124573,-0.2987113665396586,-0.0156688424855233,0.0065464702254595785
-0.196217427790199,-0.2284345085591619,-0.2421824533143643,IZZI,-2.633303906061097,0.4268246412932628,3.0294703717005094,0.0208760986168794,-3.1217713400336864,-0.9306750816017528,0.9913379764340018,1.1751266244248306,-2.948073445216276,1.119103754437968,-3.090282968922726,-0.2444645652344688,-0.2119612824883285
-0.2952225284024873,-0.3407525004582486,-0.3177584311767998,ZIZI,-2.633303906061097,0.4268246412932628,3.0294703717005094,0.0208760986168794,-3.1217713400336864,-0.9306750816017528,0.9913379764340018,1.1751266244248306,-2.948073445216276,1.119103754437968,-3.090282968922726,-0.2444645652344688,-0.32904709939340243
0.0118182469141443,0.0168820913613771,0.0285531787692379,XXYY,-1.3194361175518263,1.2049831544547684,2.287587271557303,-1.6081377783023838,-2.216221364496453,-0.906030649723684,-1.190551091113094,-1.4777354939752794,-0.8565063858263273,1.1673734747229547,-2.058685534341188,0.1707606585449723,0.0143271721279455
-0.0575347798384238,-0.060703720180311,-0.0656146960002978,YYYY,-1.3194361175518263,1.2049831544547684,2.287587271557303,-1.6081377783023838,-2.216221364496453,-0.906030649723684,-1.190551091113094,-1.4777354939752794,-0.8565063858263273,1.1673734747229547,-2.058685534341188,0.1707606585449723,-0.06673372033877148
-0.1789083278957611,-0.1730534618811571,-0.1955769237622492,ZZII,-2.633303906061097,0.4268246412932628,3.0294703717005094,0.0208760986168794,-3.1217713400336864,-0.9306750816017528,0.9913379764340018,1.1751266244248306,-2.948073445216276,1.119103754437968,-3.090282968922726,-0.2444645652344688,-0.19697327834561013
0.293616686215306,0.3397252213373786,0.3206950810057478,ZIIZ,-1.4693801579418218,-3.0675853631040706,-0.8896667309753896,1.7122913031932685,-0.4290915116571532,0.9813545406096642,-0.7517488061035014,-1.073245722384594,-2.229023254925081,-1.348240418947878,2.048609361300583,-1.3927653534695297,0.3201170769897759
1.002095726449333,1.009993560846464,1.0042064888225115,IIII,-1.3194361175518263,1.2049831544547684,2.287587271557303,-1.6081377783023838,-2.216221364496453,-0.906030649723684,-1.190551091113094,-1.4777354939752794,-0.8565063858263273,1.1673734747229547,-2.058685534341188,0.1707606585449723,0.9368861952511748
-0.3482534881738742,-0.3932711732669342,-0.3816845020211664,ZIIZ,-2.633303906061097,0.4268246412932628,3.0294703717005094,0.0208760986168794,-3.1217713400336864,-0.9306750816017528,0.9913379764340018,1.1751266244248306,-2.948073445216276,1.119103754437968,-3.090282968922726,-0.2444645652344688,-0.3796956312345976
0.4845506785798038,0.5027561432954436,0.5142131071281313,IIIZ,-1.4693801579418218,-3.0675853631040706,-0.8896667309753896,1.7122913031932685,-0.4290915116571532,0.9813545406096642,-0.7517488061035014,-1.073245722384594,-2.229023254925081,-1.348240418947878,2.048609361300583,-1.3927653534695297,0.5307787294585851
0.3419296816553525,0.3532464434452732,0.3404935418030703,IIZI,-1.3194361175518263,1.2049831544547684,2.287587271557303,-1.6081377783023838,-2.216221364496453,-0.906030649723684,-1.190551091113094,-1.4777354939752794,-0.8565063858263273,1.1673734747229547,-2.058685534341188,0.1707606585449723,0.38973859379481185
-0.0668830083742446,-0.0837502390607348,-0.0734846488023364,IIZZ,-1.3194361175518263,1.2049831544547684,2.287587271557303,-1.6081377783023838,-2.216221364496453,-0.906030649723684,-1.190551091113094,-1.4777354939752794,-0.8565063858263273,1.1673734747229547,-2.058685534341188,0.1707606585449723,-0.07339894718492122
-0.2817992209962212,-0.3382609946589386,-0.3537371919644416,IZII,2.170361460325646,0.8728416121074298,2.6913489175445333,1.2182271418889048,-2.843241933217502,2.860605093564099,1.9996899812528293,2.295011071299461,-0.4130536901072399,-2.267719671991754,0.0765909781581233,0.0566933206205177,-0.3195635083963392
-0.4086894998123903,-0.4643193993855196,-0.4801743886431502,IZIZ,2.170361460325646,0.8728416121074298,2.6913489175445333,1.2182271418889048,-2.843241933217502,2.860605093564099,1.9996899812528293,2.295011071299461,-0.4130536901072399,-2.267719671991754,0.0765909781581233,0.0566933206205177,-0.4449657127690119
-0.7675337021413269,-0.8422976936266356,-0.8356215212908481,ZIII,-1.3194361175518263,1.2049831544547684,2.287587271557303,-1.6081377783023838,-2.216221364496453,-0.906030649723684,-1.190551091113094,-1.4777354939752794,-0.8565063858263273,1.1673734747229547,-2.058685534341188,0.1707606585449723,-0.879076111856978
0.1356749808975776,0.1655031851387116,0.1358406431179531,YYXX,-2.633303906061097,0.4268246412932628,3.0294703717005094,0.0208760986168794,-3.1217713400336864,-0.9306750816017528,0.9913379764340018,1.1751266244248306,-2.948073445216276,1.119103754437968,-3.090282968922726,-0.2444645652344688,0.15913554436824115
-0.0978627340509619,-0.1093681307815943,-0.1035553845326935,YYYY,2.170361460325646,0.8728416121074298,2.6913489175445333,1.2182271418889048,-2.843241933217502,2.860605093564099,1.9996899812528293,2.295011071299461,-0.4130536901072399,-2.267719671991754,0.0765909781581233,0.0566933206205177,-0.10635058975398312
0.288643788211743,0.324714034445605,0.3193102956563416,ZIZI,2.895630547545045,-0.0357428528171457,2.386886257126826,0.4222895106610798,-1.008100190979547,-1.1299923083757095,1.00093948691101,-1.5945898054294,1.168115439189206,-0.3759791990449295,-1.111421391139571,1.4280817970324318,0.32050209442591565
0.0187650539892425,0.0289184506845346,0.0024398980418999,XXYY,-1.3194361175518263,1.2049831544547684,2.287587271557303,-1.6081377783023838,-2.216221364496453,-0.906030649723684,-1.190551091113094,-1.4777354939752794,-0.8565063858263273,1.1673734747229547,-2.058685534341188,0.1707606585449723,0.01693400656712522
0.4753521679730601,0.5328917060925875,0.5147741630445316,XXXX,2.170361460325646,0.8728416121074298,2.6913489175445333,1.2182271418889048,-2.843241933217502,2.860605093564099,1.9996899812528293,2.295011071299461,-0.4130536901072399,-2.267719671991754,0.0765909781581233,0.0566933206205177,0.5306925789423667
-0.4592663724636342,-0.5289345799449865,-0.5073967147654651,ZZII,2.895630547545045,-0.0357428528171457,2.386886257126826,0.4222895106610798,-1.008100190979547,-1.1299923083757095,1.00093948691101,-1.5945898054294,1.168115439189206,-0.3759791990449295,-1.111421391139571,1.4280817970324318,-0.5135545296264346
0.584413100521369,0.5794711103135377,0.5636375122590165,IIZI,2.895630547545045,-0.0357428528171457,2.386886257126826,0.4222895106610798,-1.008100190979547,-1.1299923083757095,1.00093948691101,-1.5945898054294,1.168115439189206,-0.3759791990449295,-1.111421391139571,1.4280817970324318,0.6436659304159059
-0.1021412743270477,-0.1336197656280645,-0.1303886975345019,IZZI,2.170361460325646,0.8728416121074298,2.6913489175445333,1.2182271418889048,-2.843241933217502,2.860605093564099,1.9996899812528293,2.295011071299461,-0.4130536901072399,-2.267719671991754,0.0765909781581233,0.0566933206205177,-0.10695730908182421
0.5920582872577421,0.6796781630955752,0.6892489367718408,IZIZ,2.895630547545045,-0.0357428528171457,2.386886257126826,0.4222895106610798,-1.008100190979547,-1.1299923083757095,1.00093948691101,-1.5945898054294,1.168115439189206,-0.3759791990449295,-1.111421391139571,1.4280817970324318,0.643808067799349
1.0103605713258552,1.005508866310855,1.0084811585332474,IIII,2.170361460325646,0.8728416121074298,2.6913489175445333,1.2182271418889048,-2.843241933217502,2.860605093564099,1.9996899812528293,2.295011071299461,-0.4130536901072399,-2.267719671991754,0.0765909781581233,0.0566933206205177,0.9252869429158287
-0.28376128142458,-0.2559715194356518,-0.2529598333793154,IIIZ,-1.3194361175518263,1.2049831544547684,2.287587271557303,-1.6081377783023838,-2.216221364496453,-0.906030649723684,-1.190551091113094,-1.4777354939752794,-0.8565063858263273,1.1673734747229547,-2.058685534341188,0.1707606585449723,-0.32657427961666324
-0.6104386543810767,-0.6467881624468639,-0.6527058987178787,IIZZ,-0.0833209576423406,0.9484997339284388,-0.8964347872033023,-1.0498874076313114,-1.4806389216567133,-0.6595936590173044,0.4792648959136159,1.3997930195948385,-1.9071694385909364,-1.1602437229784108,0.2260494988255961,2.797656557335918,-0.6660588319365917
-0.1109477251358577,-0.1095740854155599,-0.0987612733311625,YYYY,2.895630547545045,-0.0357428528171457,2.386886257126826,0.4222895106610798,-1.008100190979547,-1.1299923083757095,1.00093948691101,-1.5945898054294,1.168115439189206,-0.3759791990449295,-1.111421391139571,1.4280817970324318,-0.12125419650969907
-0.2888956587442999,-0.3342361521571647,-0.3354026869324281,IZII,2.170361460325646,0.8728416121074298,2.6913489175445333,1.2182271418889048,-2.843241933217502,2.860605093564099,1.9996899812528293,2.295011071299461,-0.4130536901072399,-2.267719671991754,0.0765909781581233,0.0566933206205177,-0.32008892187917176
-0.0455107742477254,-0.0329393941024242,-0.0430609201886149,YYXX,2.895630547545045,-0.0357428528171457,2.386886257126826,0.4222895106610798,-1.008100190979547,-1.1299923083757095,1.00093948691101,-1.5945898054294,1.168115439189206,-0.3759791990449295,-1.111421391139571,1.4280817970324318,-0.05640327001144928
-0.0127091006649511,-0.0150654076598753,-0.0033056316914684,ZIII,-0.0833209576423406,0.9484997339284388,-0.8964347872033023,-1.0498874076313114,-1.4806389216567133,-0.6595936590173044,0.4792648959136159,1.3997930195948385,-1.9071694385909364,-1.1602437229784108,0.2260494988255961,2.797656557335918,0.00609640202528997
0.1163203810197063,0.1340927051431495,0.1312993395045357,ZIIZ,-0.0833209576423406,0.9484997339284388,-0.8964347872033023,-1.0498874076313114,-1.4806389216567133,-0.6595936590173044,0.4792648959136159,1.3997930195948385,-1.9071694385909364,-1.1602437229784108,0.2260494988255961,2.797656557335918,0.13213255589070827
0.1942319805498431,0.192205666409899,0.2041887739765169,IZZI,-2.846833585660598,1.4255018569306106,-0.345880508254123,0.9292474610080904,-0.8659445452271886,-1.3970255991628786,2.6968433654576947,-0.7362699598009708,1.4428128500881447,-2.995000900238024,1.089632889468219,-2.050981657587395,0.21968254503883608
-0.482227927546657,-0.5208339323595279,-0.5054284290722026,ZZII,2.895630547545045,-0.0357428528171457,2.386886257126826,0.4222895106610798,-1.008100190979547,-1.1299923083757095,1.00093948691101,-1.5945898054294,1.168115439189206,-0.3759791990449295,-1.111421391139571,1.4280817970324318,-0.5226322504836638
-0.0670953868339604,-0.0645540279473543,-0.0588107384990668,XXYY,-0.0833209576423406,0.9484997339284388,-0.8964347872033023,-1.0498874076313114,-1.4806389216567133,-0.6595936590173044,0.4792648959136159,1.3997930195948385,-1.9071694385909364,-1.1602437229784108,0.2260494988255961,2.797656557335918,-0.06995658174191052
-0.1635325647983999,-0.1901676113688697,-0.1741666639339407,IIIZ,-2.846833585660598,1.4255018569306106,-0.345880508254123,0.9292474610080904,-0.8659445452271886,-1.3970255991628786,2.6968433654576947,-0.7362699598009708,1.4428128500881447,-2.995000900238024,1.089632889468219,-2.050981657587395,-0.18079868665362933
0.5081003712641323,0.5350410072620687,0.5057792476273205,XXXX,2.170361460325646,0.8728416121074298,2.6913489175445333,1.2182271418889048,-2.843241933217502,2.860605093564099,1.9996899812528293,2.295011071299461,-0.4130536901072399,-2.267719671991754,0.0765909781581233,0.0566933206205177,0.5637056654122116
0.0001145747723483,0.0079367492851916,0.007288646651994,ZIZI,-0.0833209576423406,0.9484997339284388,-0.8964347872033023,-1.0498874076313114,-1.4806389216567133,-0.6595936590173044,0.4792648959136159,1.3997930195948385,-1.9071694385909364,-1.1602437229784108,0.2260494988255961,2.797656557335918,0.00462935555947988
-0.3485795033696911,-0.3581796003309283,-0.373149029287429,IIZI,-2.846833585660598,1.4255018569306106,-0.345880508254123,0.9292474610080904,-0.8659445452271886,-1.3970255991628786,2.6968433654576947,-0.7362699598009708,1.4428128500881447,-2.995000900238024,1.089632889468219,-2.050981657587395,-0.381500926337225
1.0008128963139111,0.984345661589865,0.9567043571846244,IIII,-0.0833209576423406,0.9484997339284388,-0.8964347872033023,-1.0498874076313114,-1.4806389216567133,-0.6595936590173044,0.4792648959136159,1.3997930195948385,-1.9071694385909364,-1.1602437229784108,0.2260494988255961,2.797656557335918,0.9345042033056522
-0.1724829866543969,-0.1948696607242698,-0.1791445819803017,IZIZ,-2.846833585660598,1.4255018569306106,-0.345880508254123,0.9292474610080904,-0.8659445452271886,-1.3970255991628786,2.6968433654576947,-0.7362699598009708,1.4428128500881447,-2.995000900238024,1.089632889468219,-2.050981657587395,-0.2005078878453671
-0.1990451147556682,-0.213115751655834,-0.2066144765655725,IIZZ,-3.086276242988534,1.526648102821448,2.985142709145519,0.8080941434153086,-1.9571887932793772,-1.632717479030894,-0.7514074829877027,1.5286797597404955,0.8580298685275509,-1.981121981036589,-0.1298446384470279,-2.2838653260170334,-0.2167867725499598
-0.504660851246894,-0.547272932503836,-0.5631862603169929,ZIIZ,2.895630547545045,-0.0357428528171457,2.386886257126826,0.4222895106610798,-1.008100190979547,-1.1299923083757095,1.00093948691101,-1.5945898054294,1.168115439189206,-0.3759791990449295,-1.111421391139571,1.4280817970324318,-0.5585775962738567
0.1879209434227626,0.1995483467234307,0.1743555485324238,ZIII,-3.086276242988534,1.526648102821448,2.985142709145519,0.8080941434153086,-1.9571887932793772,-1.632717479030894,-0.7514074829877027,1.5286797597404955,0.8580298685275509,-1.981121981036589,-0.1298446384470279,-2.2838653260170334,0.22212042290294862
-0.0676908339587062,-0.045607255026695,-0.1041247171192844,YYYY,-2.846833585660598,1.4255018569306106,-0.345880508254123,0.9292474610080904,-0.8659445452271886,-1.3970255991628786,2.6968433654576947,-0.7362699598009708,1.4428128500881447,-2.995000900238024,1.089632889468219,-2.050981657587395,-0.07697323536679392
0.1386402930086128,0.1557952650648394,0.1565182468473569,XXYY,-3.086276242988534,1.526648102821448,2.985142709145519,0.8080941434153086,-1.9571887932793772,-1.632717479030894,-0.7514074829877027,1.5286797597404955,0.8580298685275509,-1.981121981036589,-0.1298446384470279,-2.2838653260170334,0.15171254079764482
0.2288808091460463,0.2576672489785852,0.2754118166998269,YYXX,-2.846833585660598,1.4255018569306106,-0.345880508254123,0.9292474610080904,-0.8659445452271886,-1.3970255991628786,2.6968433654576947,-0.7362699598009708,1.4428128500881447,-2.995000900238024,1.089632889468219,-2.050981657587395,0.26555481688375504
-0.0025536872043037,-0.0355569345874075,-0.0374338018522121,IZII,-0.0833209576423406,0.9484997339284388,-0.8964347872033023,-1.0498874076313114,-1.4806389216567133,-0.6595936590173044,0.4792648959136159,1.3997930195948385,-1.9071694385909364,-1.1602437229784108,0.2260494988255961,2.797656557335918,0.005193526151722303
0.2160493931182693,0.261425105721042,0.2475833011755268,XXXX,-3.086276242988534,1.526648102821448,2.985142709145519,0.8080941434153086,-1.9571887932793772,-1.632717479030894,-0.7514074829877027,1.5286797597404955,0.8580298685275509,-1.981121981036589,-0.1298446384470279,-2.2838653260170334,0.23767739502622068
0.9911529119816848,0.9874705429731592,0.98168375595311,IIII,-3.086276242988534,1.526648102821448,2.985142709145519,0.8080941434153086,-1.9571887932793772,-1.632717479030894,-0.7514074829877027,1.5286797597404955,0.8580298685275509,-1.981121981036589,-0.1298446384470279,-2.2838653260170334,0.9364146995085512
-0.6244763622057646,-0.655045468196678,-0.65619995744776,IIZI,-3.086276242988534,1.526648102821448,2.985142709145519,0.8080941434153086,-1.9571887932793772,-1.632717479030894,-0.7514074829877027,1.5286797597404955,0.8580298685275509,-1.981121981036589,-0.1298446384470279,-2.2838653260170334,-0.6915120193652896
0.0607383940199578,0.0396096431750936,0.0434573487628701,IIZZ,-2.846833585660598,1.4255018569306106,-0.345880508254123,0.9292474610080904,-0.8659445452271886,-1.3970255991628786,2.6968433654576947,-0.7362699598009708,1.4428128500881447,-2.995000900238024,1.089632889468219,-2.050981657587395,0.07414132687231244
-0.1646101984109461,-0.1636874532301562,-0.1720066288301095,IZZI,-2.031424658137642,-0.5805896428187203,-2.350883861295324,-0.3371336542413465,-0.190563395023422,3.029040527875276,-1.419802528378897,1.9384796839431715,-3.050658017704813,1.0165065374986009,3.04492916329592,1.5632533246033882,-0.18778289650510854
0.016834197125829,0.0117144871999028,0.0262732372980267,ZIZI,-0.0833209576423406,0.9484997339284388,-0.8964347872033023,-1.0498874076313114,-1.4806389216567133,-0.6595936590173044,0.4792648959136159,1.3997930195948385,-1.9071694385909364,-1.1602437229784108,0.2260494988255961,2.797656557335918,0.01302532633971263
-0.2815550912591557,-0.3474206007624834,-0.3388513607437354,ZZII,-2.031424658137642,-0.5805896428187203,-2.350883861295324,-0.3371336542413465,-0.190563395023422,3.029040527875276,-1.419802528378897,1.9384796839431715,-3.050658017704813,1.0165065374986009,3.04492916329592,1.5632533246033882,-0.32945276582904776
0.2663026451900107,0.2653269015875171,0.2639260530678917,IIIZ,-2.031424658137642,-0.5805896428187203,-2.350883861295324,-0.3371336542413465,-0.190563395023422,3.029040527875276,-1.419802528378897,1.9384796839431715,-3.050658017704813,1.0165065374986009,3.04492916329592,1.5632533246033882,0.28142546792732315
-0.0537336441551294,-0.0226083370171914,-0.0441501596552572,ZIIZ,-3.086276242988534,1.526648102821448,2.985142709145519,0.8080941434153086,-1.9571887932793772,-1.632717479030894,-0.7514074829877027,1.5286797597404955,0.8580298685275509,-1.981121981036589,-0.1298446384470279,-2.2838653260170334,-0.06485910486565616
0.2778503801046194,0.3268153847114192,0.3040526375936178,IZII,-2.031424658137642,-0.5805896428187203,-2.350883861295324,-0.3371336542413465,-0.190563395023422,3.029040527875276,-1.419802528378897,1.9384796839431715,-3.050658017704813,1.0165065374986009,3.04492916329592,1.5632533246033882,0.3142150721276525
0.1586835986002493,0.1730781593882702,0.1784337081718049,IZIZ,-2.031424658137642,-0.5805896428187203,-2.350883861295324,-0.3371336542413465,-0.190563395023422,3.029040527875276,-1.419802528378897,1.9384796839431715,-3.050658017704813,1.0165065374986009,3.04492916329592,1.5632533246033882,0.1748882541427767
0.0132617268783786,0.0130149070087925,-0.0162607243127349,YYYY,-2.891363452265641,2.863444667962102,-2.6086172578099656,-1.436432375368119,0.6195649416859337,-1.1950980397912263,2.8374805657309,0.5975628022111796,1.2570251843594962,3.123293588488328,-1.2393646345972271,1.8485270057916665,0.025024709906262134
0.2020334238790762,0.2483593023131789,0.2321792727334088,YYXX,-2.891363452265641,2.863444667962102,-2.6086172578099656,-1.436432375368119,0.6195649416859337,-1.1950980397912263,2.8374805657309,0.5975628022111796,1.2570251843594962,3.123293588488328,-1.2393646345972271,1.8485270057916665,0.2153419687143806
-0.3426131752127749,-0.3479675390620271,-0.3518253014926106,ZIII,-2.031424658137642,-0.5805896428187203,-2.350883861295324,-0.3371336542413465,-0.190563395023422,3.029040527875276,-1.419802528378897,1.9384796839431715,-3.050658017704813,1.0165065374986009,3.04492916329592,1.5632533246033882,-0.3659733363643699
-0.2818753118978336,-0.2937114783359482,-0.2633259709120392,XXYY,-2.846833585660598,1.4255018569306106,-0.345880508254123,0.9292474610080904,-0.8659445452271886,-1.3970255991628786,2.6968433654576947,-0.7362699598009708,1.4428128500881447,-2.995000900238024,1.089632889468219,-2.050981657587395,-0.32524176523201054
-0.0561154701616367,-0.0685479423864258,-0.0675387861940455,XXXX,-2.891363452265641,2.863444667962102,-2.6086172578099656,-1.436432375368119,0.6195649416859337,-1.1950980397912263,2.8374805657309,0.5975628022111796,1.2570251843594962,3.123293588488328,-1.2393646345972271,1.8485270057916665,-0.06140642830690412
0.5292251874750561,0.5335266552892953,0.5368726127248703,ZZII,-2.891363452265641,2.863444667962102,-2.6086172578099656,-1.436432375368119,0.6195649416859337,-1.1950980397912263,2.8374805657309,0.5975628022111796,1.2570251843594962,3.123293588488328,-1.2393646345972271,1.8485270057916665,0.5858168492543623
0.2132417240452856,0.2558331881055787,0.2346146501734088,ZIZI,-2.891363452265641,2.863444667962102,-2.6086172578099656,-1.436432375368119,0.6195649416859337,-1.1950980397912263,2.8374805657309,0.5975628022111796,1.2570251843594962,3.123293588488328,-1.2393646345972271,1.8485270057916665,0.23737642213199384
0.2160449802374756,0.2408596506937463,0.2329447888709312,IIZI,-2.891363452265641,2.863444667962102,-2.6086172578099656,-1.436432375368119,0.6195649416859337,-1.1950980397912263,2.8374805657309,0.5975628022111796,1.2570251843594962,3.123293588488328,-1.2393646345972271,1.8485270057916665,0.23827294493665266
-0.2158252671177566,-0.2071714839117232,-0.2236938677121967,IIZZ,-3.086276242988534,1.526648102821448,2.985142709145519,0.8080941434153086,-1.9571887932793772,-1.632717479030894,-0.7514074829877027,1.5286797597404955,0.8580298685275509,-1.981121981036589,-0.1298446384470279,-2.2838653260170334,-0.24351587893101326
-0.1547064151802307,-0.1930001317344545,-0.165877245749323,IZZI,-2.031424658137642,-0.5805896428187203,-2.350883861295324,-0.3371336542413465,-0.190563395023422,3.029040527875276,-1.419802528378897,1.9384796839431715,-3.050658017704813,1.0165065374986009,3.04492916329592,1.5632533246033882,-0.16620169702629084
0.990486393411792,1.0054293558071818,0.9959342073430736,IIII,-2.6647312253634574,0.9679956840619272,2.10141322674541,-1.978206016202276,1.644352773204984,-2.510876340054119,-0.2603710766142222,-0.5119286851864979,3.1338504660221025,-0.6530929706135571,1.999608312767165,2.764552316507732,0.9352661614617734
-0.4254662383710917,-0.4443893345635958,-0.4187554294586683,IIIZ,-2.6647312253634574,0.9679956840619272,2.10141322674541,-1.978206016202276,1.644352773204984,-2.510876340054119,-0.2603710766142222,-0.5119286851864979,3.1338504660221025,-0.6530929706135571,1.999608312767165,2.764552316507732,-0.46504758802672513
-0.1021652826453348,-0.1018703855883661,-0.0736731547259632,XXYY,-2.891363452265641,2.863444667962102,-2.6086172578099656,-1.436432375368119,0.6195649416859337,-1.1950980397912263,2.8374805657309,0.5975628022111796,1.2570251843594962,3.123293588488328,-1.2393646345972271,1.8485270057916665,-0.11173802451444682
-0.6698872895724837,-0.69423308994638,-0.6893973854617981,IZII,-2.6647312253634574,0.9679956840619272,2.10141322674541,-1.978206016202276,1.644352773204984,-2.510876340054119,-0.2603710766142222,-0.5119286851864979,3.1338504660221025,-0.6530929706135571,1.999608312767165,2.764552316507732,-0.737189507890779
0.3531531311358982,0.3522945222705703,0.3841217940785657,IZIZ,-2.6647312253634574,0.9679956840619272,2.10141322674541,-1.978206016202276,1.644352773204984,-2.510876340054119,-0.2603710766142222,-0.5119286851864979,3.1338504660221025,-0.6530929706135571,1.999608312767165,2.764552316507732,0.3992516169130013
0.3777063707606069,0.3896879147425953,0.3951174757454397,ZIII,-2.6647312253634574,0.9679956840619272,2.10141322674541,-1.978206016202276,1.644352773204984,-2.510876340054119,-0.2603710766142222,-0.5119286851864979,3.1338504660221025,-0.6530929706135571,1.999608312767165,2.764552316507732,0.4169743644325776
-0.4095257298796491,-0.4557949431585531,-0.4198755652882695,ZIIZ,-2.6647312253634574,0.9679956840619272,2.10141322674541,-1.978206016202276,1.644352773204984,-2.510876340054119,-0.2603710766142222,-0.5119286851864979,3.1338504660221025,-0.6530929706135571,1.999608312767165,2.764552316507732,-0.45660864006501567
-0.0840804833968571,-0.1158375449144613,-0.1069458332417575,YYYY,-2.031424658137642,-0.5805896428187203,-2.350883861295324,-0.3371336542413465,-0.190563395023422,3.029040527875276,-1.419802528378897,1.9384796839431715,-3.050658017704813,1.0165065374986009,3.04492916329592,1.5632533246033882,-0.09787455887755947
0.2525844889382796,0.2651143698057643,0.2696784294134928,YYXX,0.9410684416148234,1.5249915737252389,0.5558748358162604,0.7272074069058863,1.2730687754011027,1.362694465004152,-1.1526469492903422,-0.5192197525241604,-0.4787760422378735,-2.363315421026879,2.540251168494846,2.5911811879883544,0.2841082060581406
-0.3589783212399847,-0.4208448829737494,-0.4012020849034981,XXXX,0.9410684416148234,1.5249915737252389,0.5558748358162604,0.7272074069058863,1.2730687754011027,1.362694465004152,-1.1526469492903422,-0.5192197525241604,-0.4787760422378735,-2.363315421026879,2.540251168494846,2.5911811879883544,-0.39549240556711984
0.2245164270298087,0.2307174069843132,0.2439185466664342,IIZI,-2.891363452265641,2.863444667962102,-2.6086172578099656,-1.436432375368119,0.6195649416859337,-1.1950980397912263,2.8374805657309,0.5975628022111796,1.2570251843594962,3.123293588488328,-1.2393646345972271,1.8485270057916665,0.2579376824560576
-0.4124687544032739,-0.4535557239025753,-0.4215810346163162,IZZI,-2.6647312253634574,0.9679956840619272,2.10141322674541,-1.978206016202276,1.644352773204984,-2.510876340054119,-0.2603710766142222,-0.5119286851864979,3.1338504660221025,-0.6530929706135571,1.999608312767165,2.764552316507732,-0.45710019285503833
0.602323650852421,0.6437343297758839,0.6299070781202073,ZIZI,0.9410684416148234,1.5249915737252389,0.5558748358162604,0.7272074069058863,1.2730687754011027,1.362694465004152,-1.1526469492903422,-0.5192197525241604,-0.4787760422378735,-2.363315421026879,2.540251168494846,2.5911811879883544,0.6540148515513292
0.601024267209686,0.6524887300390233,0.6482502412085044,ZZII,0.9410684416148234,1.5249915737252389,0.5558748358162604,0.7272074069058863,1.2730687754011027,1.362694465004152,-1.1526469492903422,-0.5192197525241604,-0.4787760422378735,-2.363315421026879,2.540251168494846,2.5911811879883544,0.6540148515513292
0.0115256828262172,0.0269888395549532,0.0076390492508294,IIZZ,0.2297289479890212,2.263346411028963,2.406097658019955,-0.8557179821037497,0.0105242569160663,-0.2724333016139262,-1.3926392386698376,-0.426974549093615,-2.671510294395237,0.9018345987776276,-2.509678248840716,-2.373113879853546,0.020024710101891594
0.3513753704318016,0.3789782737221042,0.3731297564307915,IZII,0.2297289479890212,2.263346411028963,2.406097658019955,-0.8557179821037497,0.0105242569160663,-0.2724333016139262,-1.3926392386698376,-0.426974549093615,-2.671510294395237,0.9018345987776276,-2.509678248840716,-2.373113879853546,0.40047271002049023
0.9963344510781392,1.0128683906058082,0.9847725127781076,IIII,0.9410684416148234,1.5249915737252389,0.5558748358162604,0.7272074069058863,1.2730687754011027,1.362694465004152,-1.1526469492903422,-0.5192197525241604,-0.4787760422378735,-2.363315421026879,2.540251168494846,2.5911811879883544,0.930516475985946
-0.4422151171669404,-0.4694571369618107,-0.4838474557119008,IIIZ,0.9410684416148234,1.5249915737252389,0.5558748358162604,0.7272074069058863,1.2730687754011027,1.362694465004152,-1.1526469492903422,-0.5192197525241604,-0.4787760422378735,-2.363315421026879,2.540251168494846,2.5911811879883544,-0.4875541194385871
-0.0763638527280716,-0.0898737212483715,-0.0915637264497552,YYYY,0.2297289479890212,2.263346411028963,2.406097658019955,-0.8557179821037497,0.0105242569160663,-0.2724333016139262,-1.3926392386698376,-0.426974549093615,-2.671510294395237,0.9018345987776276,-2.509678248840716,-2.373113879853546,-0.07833454663481006
0.3977509996847857,0.4124439501912032,0.4304951898701487,ZIIZ,0.2297289479890212,2.263346411028963,2.406097658019955,-0.8557179821037497,0.0105242569160663,-0.2724333016139262,-1.3926392386698376,-0.426974549093615,-2.671510294395237,0.9018345987776276,-2.509678248840716,-2.373113879853546,0.4336939888310345
0.4494043202763285,0.4800117998547735,0.4824508603474625,IZZI,0.2297289479890212,2.263346411028963,2.406097658019955,-0.8557179821037497,0.0105242569160663,-0.2724333016139262,-1.3926392386698376,-0.426974549093615,-2.671510294395237,0.9018345987776276,-2.509678248840716,-2.373113879853546,0.4878214015986833
-0.3546719870888862,-0.4202977329272989,-0.3789544499141276,XXXX,0.2297289479890212,2.263346411028963,2.406097658019955,-0.8557179821037497,0.0105242569160663,-0.2724333016139262,-1.3926392386698376,-0.426974549093615,-2.671510294395237,0.9018345987776276,-2.509678248840716,-2.373113879853546,-0.38926219212454166
0.3414116998672115,0.3680995457154331,0.3930755398115084,IZIZ,-2.6647312253634574,0.9679956840619272,2.10141322674541,-1.978206016202276,1.644352773204984,-2.510876340054119,-0.2603710766142222,-0.5119286851864979,3.1338504660221025,-0.6530929706135571,1.999608312767165,2.764552316507732,0.39070706546678147
-0.5308420902928692,-0.5910245942569358,-0.5883151245039914,ZIII,0.9410684416148234,1.5249915737252389,0.5558748358162604,0.7272074069058863,1.2730687754011027,1.362694465004152,-1.1526469492903422,-0.5192197525241604,-0.4787760422378735,-2.363315421026879,2.540251168494846,2.5911811879883544,-0.5903815879716348
-0.079004818831459,-0.0661143908131984,-0.050521926001134,XXYY,1.7720805448503263,1.886779473855145,0.0262979094360802,0.3238276223096652,-2.118916516857319,0.1012223657921382,-2.9747605017386283,0.7383959814236092,1.5377448431074603,0.6732317278345215,-0.5743642387868029,-1.1964435597999727,-0.08461951686901978
-0.0014335532198643,-0.0344485544143157,-0.0280622841943148,YYXX,1.7720805448503263,1.886779473855145,0.0262979094360802,0.3238276223096652,-2.118916516857319,0.1012223657921382,-2.9747605017386283,0.7383959814236092,1.5377448431074603,0.6732317278345215,-0.5743642387868029,-1.1964435597999727,0.001764460346959523
0.7113371334857548,0.8128631333586022,0.7784920907499014,ZIZI,1.7720805448503263,1.886779473855145,0.0262979094360802,0.3238276223096652,-2.118916516857319,0.1012223657921382,-2.9747605017386283,0.7383959814236092,1.5377448431074603,0.6732317278345215,-0.5743642387868029,-1.1964435597999727,0.7669952665207415
-0.2806021574467986,-0.3194598205571749,-0.3446657707976786,ZZII,1.7720805448503263,1.886779473855145,0.0262979094360802,0.3238276223096652,-2.118916516857319,0.1012223657921382,-2.9747605017386283,0.7383959814236092,1.5377448431074603,0.6732317278345215,-0.5743642387868029,-1.1964435597999727,-0.3102507362977889
0.0242159869524589,0.0309075051713035,-0.011733583169411,IIZZ,0.2297289479890212,2.263346411028963,2.406097658019955,-0.8557179821037497,0.0105242569160663,-0.2724333016139262,-1.3926392386698376,-0.426974549093615,-2.671510294395237,0.9018345987776276,-2.509678248840716,-2.373113879853546,0.024066631242704476
0.3500967328062785,0.3871795823808169,0.3774351174887752,IZII,-2.575850586088288,1.082172156771139,-0.5007021300239152,2.457557507836266,2.950387483291313,-1.0504778059375923,-2.6268024893666926,1.593754961991274,-2.500003245408206,-0.4316578015020695,-1.905408340972777,-2.9515191517821298,0.3932796526817228
-0.0027792944831795,0.0275937530877043,0.0357687008989825,IIIZ,1.7720805448503263,1.886779473855145,0.0262979094360802,0.3238276223096652,-2.118916516857319,0.1012223657921382,-2.9747605017386283,0.7383959814236092,1.5377448431074603,0.6732317278345215,-0.5743642387868029,-1.1964435597999727,0.0018127538071908795
0.9993609902726944,0.9796428673286092,0.9969210112258406,IIII,1.7720805448503263,1.886779473855145,0.0262979094360802,0.3238276223096652,-2.118916516857319,0.1012223657921382,-2.9747605017386283,0.7383959814236092,1.5377448431074603,0.6732317278345215,-0.5743642387868029,-1.1964435597999727,0.9240215497031145
-0.2612592467829087,-0.3154101480232535,-0.297500448084347,IZIZ,-2.575850586088288,1.082172156771139,-0.5007021300239152,2.457557507836266,2.950387483291313,-1.0504778059375923,-2.6268024893666926,1.593754961991274,-2.500003245408206,-0.4316578015020695,-1.905408340972777,-2.9515191517821298,-0.2987131118157693
0.2207572764014327,0.2333863179541187,0.2652007036755234,ZIII,-2.575850586088288,1.082172156771139,-0.5007021300239152,2.457557507836266,2.950387483291313,-1.0504778059375923,-2.6268024893666926,1.593754961991274,-2.500003245408206,-0.4316578015020695,-1.905408340972777,-2.9515191517821298,0.24179898953091722
-0.6951866436298938,-0.7068373233814814,-0.7116162322926973,IIZI,0.9410684416148234,1.5249915737252389,0.5558748358162604,0.7272074069058863,1.2730687754011027,1.362694465004152,-1.1526469492903422,-0.5192197525241604,-0.4787760422378735,-2.363315421026879,2.540251168494846,2.5911811879883544,-0.7654699270223863
-0.2192984122864678,-0.21515794766302,-0.2352144971191474,ZIIZ,-2.575850586088288,1.082172156771139,-0.5007021300239152,2.457557507836266,2.950387483291313,-1.0504778059375923,-2.6268024893666926,1.593754961991274,-2.500003245408206,-0.4316578015020695,-1.905408340972777,-2.9515191517821298,-0.24275105887299567
-0.3249249818776977,-0.3486387665425321,-0.3558829638222281,YYXX,-2.575850586088288,1.082172156771139,-0.5007021300239152,2.457557507836266,2.950387483291313,-1.0504778059375923,-2.6268024893666926,1.593754961991274,-2.500003245408206,-0.4316578015020695,-1.905408340972777,-2.9515191517821298,-0.3437254145523393
-0.0085323705634702,-0.0079937793360923,-0.0199137091438413,XXXX,-2.575850586088288,1.082172156771139,-0.5007021300239152,2.457557507836266,2.950387483291313,-1.0504778059375923,-2.6268024893666926,1.593754961991274,-2.500003245408206,-0.4316578015020695,-1.905408340972777,-2.9515191517821298,0.00015491483857683398
-0.1391935143520369,-0.1331475254118341,-0.1322764118615669,ZZII,0.2297289479890212,2.263346411028963,2.406097658019955,-0.8557179821037497,0.0105242569160663,-0.2724333016139262,-1.3926392386698376,-0.426974549093615,-2.671510294395237,0.9018345987776276,-2.509678248840716,-2.373113879853546,-0.15085503782829943
-0.2395757284340693,-0.2678003766306816,-0.2680421840491301,YYYY,1.7720805448503263,1.886779473855145,0.0262979094360802,0.3238276223096652,-2.118916516857319,0.1012223657921382,-2.9747605017386283,0.7383959814236092,1.5377448431074603,0.6732317278345215,-0.5743642387868029,-1.1964435597999727,-0.26738835525023286
-0.2555167472661781,-0.2721846754203498,-0.3153321538774603,XXYY,-1.9874918500244363,1.0647522802427742,1.034660242604227,-1.4648205628833335,-1.660051262008604,-0.3850641699903572,-1.9987316033845723,1.7176183639687572,-0.091897081097227,-0.0652549477102275,-0.144680576467421,-3.0929176031768675,-0.2915647329467426
-0.6595073255555443,-0.6932901017963793,-0.7017396291452949,IZZI,-1.9874918500244363,1.0647522802427742,1.034660242604227,-1.4648205628833335,-1.660051262008604,-0.3850641699903572,-1.9987316033845723,1.7176183639687572,-0.091897081097227,-0.0652549477102275,-0.144680576467421,-3.0929176031768675,-0.740125821243571
0.6484946930707859,0.7010758815949051,0.6534803207287161,ZIZI,-1.9874918500244363,1.0647522802427742,1.034660242604227,-1.4648205628833335,-1.660051262008604,-0.3850641699903572,-1.9987316033845723,1.7176183639687572,-0.091897081097227,-0.0652549477102275,-0.144680576467421,-3.0929176031768675,0.7175738523337334
0.3421697097962571,0.3769505731543626,0.3838471498464771,IZII,-2.575850586088288,1.082172156771139,-0.5007021300239152,2.457557507836266,2.950387483291313,-1.0504778059375923,-2.6268024893666926,1.593754961991274,-2.500003245408206,-0.4316578015020695,-1.905408340972777,-2.9515191517821298,0.3829276724483819
0.5792228505273724,0.6279621836364171,0.624901224024106,IZIZ,-2.882518252150224,1.6292692010076737,-2.69570324008245,2.1170095414503862,-3.1008898901676907,1.587701851604482,-1.891503247005706,-0.8763794422199704,-3.010093633848961,-1.508251385393533,-1.0230049936366423,-2.1144709133845323,0.6523405429705535
1.0093303484727614,0.9969371884738308,0.9736940067334496,IIII,-1.9874918500244363,1.0647522802427742,1.034660242604227,-1.4648205628833335,-1.660051262008604,-0.3850641699903572,-1.9987316033845723,1.7176183639687572,-0.091897081097227,-0.0652549477102275,-0.144680576467421,-3.0929176031768675,0.936895763686624
-0.6931241717111198,-0.712470381813821,-0.7016616180559031,IIIZ,-1.9874918500244363,1.0647522802427742,1.034660242604227,-1.4648205628833335,-1.660051262008604,-0.3850641699903572,-1.9987316033845723,1.7176183639687572,-0.091897081097227,-0.0652549477102275,-0.144680576467421,-3.0929176031768675,-0.7641297890767312
-0.2817489871484271,-0.2902588701711923,-0.2554603480139985,IIZI,-1.9874918500244363,1.0647522802427742,1.034660242604227,-1.4648205628833335,-1.660051262008604,-0.3850641699903572,-1.9987316033845723,1.7176183639687572,-0.091897081097227,-0.0652549477102275,-0.144680576467421,-3.0929176031768675,-0.33370567647477356
0.7029669192866859,0.7801922151903118,0.786838221087917,ZIII,-2.882518252150224,1.6292692010076737,-2.69570324008245,2.1170095414503862,-3.1008898901676907,1.587701851604482,-1.891503247005706,-0.8763794422199704,-3.010093633848961,-1.508251385393533,-1.0230049936366423,-2.1144709133845323,0.7669175051189745
-0.0190342013556627,-0.0154559658470021,-0.0294572589215901,IIZZ,1.7720805448503263,1.886779473855145,0.0262979094360802,0.3238276223096652,-2.118916516857319,0.1012223657921382,-2.9747605017386283,0.7383959814236092,1.5377448431074603,0.6732317278345215,-0.5743642387868029,-1.1964435597999727,-0.012450356798000335
-0.7180530296066221,-0.8067115156323633,-0.7782871511744488,ZIIZ,-2.882518252150224,1.6292692010076737,-2.69570324008245,2.1170095414503862,-3.1008898901676907,1.587701851604482,-1.891503247005706,-0.8763794422199704,-3.010093633848961,-1.508251385393533,-1.0230049936366423,-2.1144709133845323,-0.8068465906130967
-0.0226955197860486,-0.0223352613005312,-0.0099871926111167,YYXX,-2.882518252150224,1.6292692010076737,-2.69570324008245,2.1170095414503862,-3.1008898901676907,1.587701851604482,-1.891503247005706,-0.8763794422199704,-3.010093633848961,-1.508251385393533,-1.0230049936366423,-2.1144709133845323,-0.022720343346538753
-0.0010825699865248,0.0168340631509363,-0.0166433964260839,XXXX,-2.882518252150224,1.6292692010076737,-2.69570324008245,2.1170095414503862,-3.1008898901676907,1.587701851604482,-1.891503247005706,-0.8763794422199704,-3.010093633848961,-1.508251385393533,-1.0230049936366423,-2.1144709133845323,0.002581673836806708
-0.5982240429958348,-0.6478319853017788,-0.6825956201490817,IZZI,-2.882518252150224,1.6292692010076737,-2.69570324008245,2.1170095414503862,-3.1008898901676907,1.587701851604482,-1.891503247005706,-0.8763794422199704,-3.010093633848961,-1.508251385393533,-1.0230049936366423,-2.1144709133845323,-0.6563361372365206
0.4081171818522377,0.4849712789582248,0.4815436054817869,ZZII,-2.575850586088288,1.082172156771139,-0.5007021300239152,2.457557507836266,2.950387483291313,-1.0504778059375923,-2.6268024893666926,1.593754961991274,-2.500003245408206,-0.4316578015020695,-1.905408340972777,-2.9515191517821298,0.4488303953556628
-0.2691026037117338,-0.3110076311772588,-0.2921766594930464,YYYY,-1.9874918500244363,1.0647522802427742,1.034660242604227,-1.4648205628833335,-1.660051262008604,-0.3850641699903572,-1.9987316033845723,1.7176183639687572,-0.091897081097227,-0.0652549477102275,-0.144680576467421,-3.0929176031768675,-0.2953143301435315
0.0174544773367474,-0.0043006070223677,0.0066749050254272,XXYY,-0.6079085993199378,2.277830729993328,-0.7169449323762804,0.755291612051797,2.901582190463361,-2.647570172719826,0.9509375815088132,-0.8084170188261735,-1.4349221011120887,1.3301494198740291,-0.6773872709631825,0.8809109424071782,0.02223090431670757
-0.1997051210857114,-0.2508130636081521,-0.2595649505682719,ZIZI,-0.6079085993199378,2.277830729993328,-0.7169449323762804,0.755291612051797,2.901582190463361,-2.647570172719826,0.9509375815088132,-0.8084170188261735,-1.4349221011120887,1.3301494198740291,-0.6773872709631825,0.8809109424071782,-0.21845211962290975
0.5899736255385946,0.6381107535548449,0.6463628312837629,IZIZ,-2.882518252150224,1.6292692010076737,-2.69570324008245,2.1170095414503862,-3.1008898901676907,1.587701851604482,-1.891503247005706,-0.8763794422199704,-3.010093633848961,-1.508251385393533,-1.0230049936366423,-2.1144709133845323,0.6590143833595742
0.0305993822566106,0.0450854521108155,0.0322370556749294,ZIII,1.8191088277007124,-2.854219500680431,-0.0098520295072677,0.6164367333063518,0.2740618681225495,3.078496121304667,0.6174298621154182,-0.2095017495123965,1.5779229690606655,1.3945572150768797,-2.226534241873457,0.8162603167570812,0.041444255345113555
0.9945449859594616,0.9927116014734716,1.006547364720874,IIII,-0.6079085993199378,2.277830729993328,-0.7169449323762804,0.755291612051797,2.901582190463361,-2.647570172719826,0.9509375815088132,-0.8084170188261735,-1.4349221011120887,1.3301494198740291,-0.6773872709631825,0.8809109424071782,0.9325640804744673
0.3778242295442663,0.3667869837902935,0.3720638218619099,IIIZ,-0.6079085993199378,2.277830729993328,-0.7169449323762804,0.755291612051797,2.901582190463361,-2.647570172719826,0.9509375815088132,-0.8084170188261735,-1.4349221011120887,1.3301494198740291,-0.6773872709631825,0.8809109424071782,0.41665697460646833
0.4670770287686754,0.5156453599314277,0.4706740894607296,IIZI,-0.6079085993199378,2.277830729993328,-0.7169449323762804,0.755291612051797,2.901582190463361,-2.647570172719826,0.9509375815088132,-0.8084170188261735,-1.4349221011120887,1.3301494198740291,-0.6773872709631825,0.8809109424071782,0.5186633111521445
-0.0803659889753292,-0.0922595159516228,-0.0771813828583222,ZIIZ,1.8191088277007124,-2.854219500680431,-0.0098520295072677,0.6164367333063518,0.2740618681225495,3.078496121304667,0.6174298621154182,-0.2095017495123965,1.5779229690606655,1.3945572150768797,-2.226534241873457,0.8162603167570812,-0.08692820627962282
0.1279455575768912,0.1361692432827357,0.1554232078696599,IIZZ,-0.6079085993199378,2.277830729993328,-0.7169449323762804,0.755291612051797,2.901582190463361,-2.647570172719826,0.9509375815088132,-0.8084170188261735,-1.4349221011120887,1.3301494198740291,-0.6773872709631825,0.8809109424071782,0.14258280114849925
0.4421111396263769,0.4681887751527206,0.4659903386078589,IZII,-1.9874918500244363,1.0647522802427742,1.034660242604227,-1.4648205628833335,-1.660051262008604,-0.3850641699903572,-1.9987316033845723,1.7176183639687572,-0.091897081097227,-0.0652549477102275,-0.144680576467421,-3.0929176031768675,0.489969552104245
-0.5684002418459194,-0.6264272404425775,-0.6106108421755145,XXYY,-1.2074332581723206,-1.6385416259973695,-2.408623997212906,-1.2584339359943169,-0.136316931854401,1.6302176793917411,-2.840629675027885,1.005846172741224,1.4739436830130437,-1.3718889386039403,-0.5442843836948512,-2.4710822099121392,-0.6424610785147072
0.1535875354602385,0.1711557609788504,0.1808575582369335,YYXX,1.8191088277007124,-2.854219500680431,-0.0098520295072677,0.6164367333063518,0.2740618681225495,3.078496121304667,0.6174298621154182,-0.2095017495123965,1.5779229690606655,1.3945572150768797,-2.226534241873457,0.8162603167570812,0.1642088142857358
0.860409747014506,0.9251976797908488,0.9154375052776248,XXXX,1.8191088277007124,-2.854219500680431,-0.0098520295072677,0.6164367333063518,0.2740618681225495,3.078496121304667,0.6174298621154182,-0.2095017495123965,1.5779229690606655,1.3945572150768797,-2.226534241873457,0.8162603167570812,0.9234586630799617
-0.2112360839097415,-0.2362884989834822,-0.229127489754103,YYYY,-0.6079085993199378,2.277830729993328,-0.7169449323762804,0.755291612051797,2.901582190463361,-2.647570172719826,0.9509375815088132,-0.8084170188261735,-1.4349221011120887,1.3301494198740291,-0.6773872709631825,0.8809109424071782,-0.23066350176055617
-0.0694975645437762,-0.08160907108753,-0.0863194311437071,IZZI,1.8191088277007124,-2.854219500680431,-0.0098520295072677,0.6164367333063518,0.2740618681225495,3.078496121304667,0.6174298621154182,-0.2095017495123965,1.5779229690606655,1.3945572150768797,-2.226534241873457,0.8162603167570812,-0.07417194538870132
0.1497377022281922,0.1665666696663439,0.202395422048537,ZIZI,-1.2074332581723206,-1.6385416259973695,-2.408623997212906,-1.2584339359943169,-0.136316931854401,1.6302176793917411,-2.840629675027885,1.005846172741224,1.4739436830130437,-1.3718889386039403,-0.5442843836948512,-2.4710822099121392,0.1568199283972762
-0.2226342266673792,-0.243292061936151,-0.2101396929600758,ZZII,1.8191088277007124,-2.854219500680431,-0.0098520295072677,0.6164367333063518,0.2740618681225495,3.078496121304667,0.6174298621154182,-0.2095017495123965,1.5779229690606655,1.3945572150768797,-2.226534241873457,0.8162603167570812,-0.2470972543634409
0.975565010682232,0.9853364740231644,1.01363511927765,IIII,-2.882518252150224,1.6292692010076737,-2.69570324008245,2.1170095414503862,-3.1008898901676907,1.587701851604482,-1.891503247005706,-0.8763794422199704,-3.010093633848961,-1.508251385393533,-1.0230049936366423,-2.1144709133845323,0.9360031163428749
0.496033782824811,0.5391129860904922,0.5315615505545356,IIZZ,-1.2074332581723206,-1.6385416259973695,-2.408623997212906,-1.2584339359943169,-0.136316931854401,1.6302176793917411,-2.840629675027885,1.005846172741224,1.4739436830130437,-1.3718889386039403,-0.5442843836948512,-2.4710822099121392,0.5473685184028827
0.1913202879383218,0.2158767696279637,0.2177227206084707,IIZI,-1.2074332581723206,-1.6385416259973695,-2.408623997212906,-1.2584339359943169,-0.136316931854401,1.6302176793917411,-2.840629675027885,1.005846172741224,1.4739436830130437,-1.3718889386039403,-0.5442843836948512,-2.4710822099121392,0.2100463720792305
-0.1097897389488846,-0.0919520105740429,-0.0847036213488046,IZII,1.8191088277007124,-2.854219500680431,-0.0098520295072677,0.6164367333063518,0.2740618681225495,3.078496121304667,0.6174298621154182,-0.2095017495123965,1.5779229690606655,1.3945572150768797,-2.226534241873457,0.8162603167570812,-0.12202711334019666
0.0634297423702157,0.0402178999184635,0.0523785890363611,IZIZ,-1.2074332581723206,-1.6385416259973695,-2.408623997212906,-1.2584339359943169,-0.136316931854401,1.6302176793917411,-2.840629675027885,1.005846172741224,1.4739436830130437,-1.3718889386039403,-0.5442843836948512,-2.4710822099121392,0.0784182971110191
0.0913261571596984,0.0869902050874079,0.122451239311293,ZIIZ,-1.2074332581723206,-1.6385416259973695,-2.408623997212906,-1.2584339359943169,-0.136316931854401,1.6302176793917411,-2.840629675027885,1.005846172741224,1.4739436830130437,-1.3718889386039403,-0.5442843836948512,-2.4710822099121392,0.10231342542248034
0.7517110617601358,0.7862036446151511,0.7798783585180799,IIIZ,-1.4010916692669984,0.1016644496117415,2.4045783413679533,-0.4632831996589384,-1.3062237612574892,-1.3204033097873515,1.0159842560258872,0.989616945478298,-1.1268210664516034,-3.13031383242048,1.2521060888025,-2.0477769563372337,0.8492215173081639
0.7155191358095301,0.8009796740743259,0.7851087979807677,XXXX,-1.2074332581723206,-1.6385416259973695,-2.408623997212906,-1.2584339359943169,-0.136316931854401,1.6302176793917411,-2.840629675027885,1.005846172741224,1.4739436830130437,-1.3718889386039403,-0.5442843836948512,-2.4710822099121392,0.7838819327105269
0.0184087124510007,0.0455303515979098,0.0653005116782274,ZIII,-1.4010916692669984,0.1016644496117415,2.4045783413679533,-0.4632831996589384,-1.3062237612574892,-1.3204033097873515,1.0159842560258872,0.989616945478298,-1.1268210664516034,-3.13031383242048,1.2521060888025,-2.0477769563372337,0.016243857926348262
-0.0150400436657526,-0.0001582082233149,-0.0344616028375096,ZZII,-2.097050251205669,2.943612081002456,-1.894117281617304,-2.585646776964302,0.3339672290259452,-1.6491065589003162,-0.5328437201331688,-1.0493238607702864,1.4262199732111664,2.742206301369862,-0.469639826442898,-1.073538660858235,0.0008710675482815782
-0.2239845096136412,-0.2418582494304115,-0.247893833771451,YYYY,-0.6079085993199378,2.277830729993328,-0.7169449323762804,0.755291612051797,2.901582190463361,-2.647570172719826,0.9509375815088132,-0.8084170188261735,-1.4349221011120887,1.3301494198740291,-0.6773872709631825,0.8809109424071782,-0.24737653116325478
-0.0478524393020731,-0.0400030333868568,-0.0440592569886198,XXYY,-1.4010916692669984,0.1016644496117415,2.4045783413679533,-0.4632831996589384,-1.3062237612574892,-1.3204033097873515,1.0159842560258872,0.989616945478298,-1.1268210664516034,-3.13031383242048,1.2521060888025,-2.0477769563372337,-0.0601437090706093
0.2351530914827492,0.2653240513639747,0.2515855888446994,YYXX,-1.4010916692669984,0.1016644496117415,2.4045783413679533,-0.4632831996589384,-1.3062237612574892,-1.3204033097873515,1.0159842560258872,0.989616945478298,-1.1268210664516034,-3.13031383242048,1.2521060888025,-2.0477769563372337,0.26414456787370416
-0.2966722270009482,-0.3056220543183655,-0.2987210091664144,IIIZ,-2.097050251205669,2.943612081002456,-1.894117281617304,-2.585646776964302,0.3339672290259452,-1.6491065589003162,-0.5328437201331688,-1.0493238607702864,1.4262199732111664,2.742206301369862,-0.469639826442898,-1.073538660858235,-0.331986232976614
-0.5683007594079296,-0.6413819257151929,-0.6086370555572579,IZZI,-1.4010916692669984,0.1016644496117415,2.4045783413679533,-0.4632831996589384,-1.3062237612574892,-1.3204033097873515,1.0159842560258872,0.989616945478298,-1.1268210664516034,-3.13031383242048,1.2521060888025,-2.0477769563372337,-0.6350902617284597
0.2047956783440817,0.200556832090209,0.2072411141428233,ZIZI,-1.4010916692669984,0.1016644496117415,2.4045783413679533,-0.4632831996589384,-1.3062237612574892,-1.3204033097873515,1.0159842560258872,0.989616945478298,-1.1268210664516034,-3.13031383242048,1.2521060888025,-2.0477769563372337,0.22054657194477237
1.0019986408943282,1.006213646258518,1.0126495330182017,IIII,-1.4010916692669984,0.1016644496117415,2.4045783413679533,-0.4632831996589384,-1.3062237612574892,-1.3204033097873515,1.0159842560258872,0.989616945478298,-1.1268210664516034,-3.13031383242048,1.2521060888025,-2.0477769563372337,0.9392909663367044
-0.3398642140889082,-0.3931914733388627,-0.3897334023329452,IZII,-2.097050251205669,2.943612081002456,-1.894117281617304,-2.585646776964302,0.3339672290259452,-1.6491065589003162,-0.5328437201331688,-1.0493238607702864,1.4262199732111664,2.742206301369862,-0.469639826442898,-1.073538660858235,-0.37523337204867524
-0.1570092810939239,-0.1327398557866272,-0.1606295980761119,IIZZ,1.8191088277007124,-2.854219500680431,-0.0098520295072677,0.6164367333063518,0.2740618681225495,3.078496121304667,0.6174298621154182,-0.2095017495123965,1.5779229690606655,1.3945572150768797,-2.226534241873457,0.8162603167570812,-0.17323538053855006
0.3017273299633093,0.3014017277715337,0.2992730563201866,IZIZ,-2.097050251205669,2.943612081002456,-1.894117281617304,-2.585646776964302,0.3339672290259452,-1.6491065589003162,-0.5328437201331688,-1.0493238607702864,1.4262199732111664,2.742206301369862,-0.469639826442898,-1.073538660858235,0.3374792727565983
-0.1160758897561902,-0.1452874233116591,-0.1466707717569491,ZIIZ,-2.097050251205669,2.943612081002456,-1.894117281617304,-2.585646776964302,0.3339672290259452,-1.6491065589003162,-0.5328437201331688,-1.0493238607702864,1.4262199732111664,2.742206301369862,-0.469639826442898,-1.073538660858235,-0.13139271554331425
-0.3297023300083326,-0.3766240135046961,-0.4046069122393646,YYYY,-2.097050251205669,2.943612081002456,-1.894117281617304,-2.585646776964302,0.3339672290259452,-1.6491065589003162,-0.5328437201331688,-1.0493238607702864,1.4262199732111664,2.742206301369862,-0.469639826442898,-1.073538660858235,-0.3726142089690332
-0.1598667644340946,-0.1644025587775888,-0.1890299513743949,XXYY,-2.097050251205669,2.943612081002456,-1.894117281617304,-2.585646776964302,0.3339672290259452,-1.6491065589003162,-0.5328437201331688,-1.0493238607702864,1.4262199732111664,2.742206301369862,-0.469639826442898,-1.073538660858235,-0.178587500805194
0.0550337363415855,0.0660073924250844,0.0814795973725465,IIZI,-0.4847739779408124,2.029099285368062,2.3825375807712144,0.5848129487852329,2.631904494402221,2.5984737959525805,-2.6075400019463557,1.0952647374924078,-0.3011574410918576,3.0027734215285893,-1.903345272817406,-0.6784748299581493,0.058912463363902844
0.6918329857014124,0.7952607663637188,0.7803123814929199,XXXX,-1.2074332581723206,-1.6385416259973695,-2.408623997212906,-1.2584339359943169,-0.136316931854401,1.6302176793917411,-2.840629675027885,1.005846172741224,1.4739436830130437,-1.3718889386039403,-0.5442843836948512,-2.4710822099121392,0.7768512500262016
0.2118794758358578,0.2084523049824241,0.2079659137631572,ZIII,-0.4847739779408124,2.029099285368062,2.3825375807712144,0.5848129487852329,2.631904494402221,2.5984737959525805,-2.6075400019463557,1.0952647374924078,-0.3011574410918576,3.0027734215285893,-1.903345272817406,-0.6784748299581493,0.23320010980641875
-0.257963732366873,-0.2928864801597791,-0.2643910124180618,YYXX,-0.4847739779408124,2.029099285368062,2.3825375807712144,0.5848129487852329,2.631904494402221,2.5984737959525805,-2.6075400019463557,1.0952647374924078,-0.3011574410918576,3.0027734215285893,-1.903345272817406,-0.6784748299581493,-0.2846774575495138
-0.037047154369815,-0.0436292970260752,-0.0636769850255138,IZZI,-0.4847739779408124,2.029099285368062,2.3825375807712144,0.5848129487852329,2.631904494402221,2.5984737959525805,-2.6075400019463557,1.0952647374924078,-0.3011574410918576,3.0027734215285893,-1.903345272817406,-0.6784748299581493,-0.05106707819560632
0.5183620810465625,0.5545456963618917,0.5634107847072888,ZIZI,-0.4847739779408124,2.029099285368062,2.3825375807712144,0.5848129487852329,2.631904494402221,2.5984737959525805,-2.6075400019463557,1.0952647374924078,-0.3011574410918576,3.0027734215285893,-1.903345272817406,-0.6784748299581493,0.5782229239209882
-0.2022827755556289,-0.2053237733250694,-0.2024222921800298,ZZII,-0.4847739779408124,2.029099285368062,2.3825375807712144,0.5848129487852329,2.631904494402221,2.5984737959525805,-2.6075400019463557,1.0952647374924078,-0.3011574410918576,3.0027734215285893,-1.903345272817406,-0.6784748299581493,-0.22499658796505667
0.4156270152058763,0.4319401489173864,0.4201285983726662,IIIZ,2.7491300138066537,-0.0874631691378731,2.985437067670965,-2.737058476838455,0.9816150892688862,-0.2493388499293649,-0.1929218834234403,-1.899297426428136,-2.8912640084024144,2.5898048779481257,-2.7414620710578825,2.8204877144050515,0.4585437716163212
0.9949656375438872,1.0062325981618527,1.0060242613989374,IIII,-0.4847739779408124,2.029099285368062,2.3825375807712144,0.5848129487852329,2.631904494402221,2.5984737959525805,-2.6075400019463557,1.0952647374924078,-0.3011574410918576,3.0027734215285893,-1.903345272817406,-0.6784748299581493,0.928268344341548
0.5413918253460647,0.55112486740727,0.5636663545330696,IIZI,-1.4010916692669984,0.1016644496117415,2.4045783413679533,-0.4632831996589384,-1.3062237612574892,-1.3204033097873515,1.0159842560258872,0.989616945478298,-1.1268210664516034,-3.13031383242048,1.2521060888025,-2.0477769563372337,0.6107435569331564
-0.6650091451122596,-0.706713470319427,-0.7031892012276558,IIZZ,2.7491300138066537,-0.0874631691378731,2.985437067670965,-2.737058476838455,0.9816150892688862,-0.2493388499293649,-0.1929218834234403,-1.899297426428136,-2.8912640084024144,2.5898048779481257,-2.7414620710578825,2.8204877144050515,-0.7645541893567532
-0.4763082734822518,-0.4994433923052844,-0.5086987884476684,IZII,2.7491300138066537,-0.0874631691378731,2.985437067670965,-2.737058476838455,0.9816150892688862,-0.2493388499293649,-0.1929218834234403,-1.899297426428136,-2.8912640084024144,2.5898048779481257,-2.7414620710578825,2.8204877144050515,-0.5143798459405837
-0.7913406066688534,-0.874100884034557,-0.8586941373730254,IZIZ,2.7491300138066537,-0.0874631691378731,2.985437067670965,-2.737058476838455,0.9816150892688862,-0.2493388499293649,-0.1929218834234403,-1.899297426428136,-2.8912640084024144,2.5898048779481257,-2.7414620710578825,2.8204877144050515,-0.8855940276967692
-0.0901089359443907,-0.0832151944695835,-0.098772980103081,YYYY,-0.5493486205807465,-1.2152373058632897,2.9964834962803977,-1.1030702451822076,-3.120643078183146,-1.8336660653077863,2.585724447568415,-1.0560010133665974,2.089979556237706,-0.4986256280277858,3.114770120962615,1.4024105697880236,-0.10520917494634299
-0.3399778004825591,-0.4025660204520206,-0.3725669433148783,YYXX,-2.097050251205669,2.943612081002456,-1.894117281617304,-2.585646776964302,0.3339672290259452,-1.6491065589003162,-0.5328437201331688,-1.0493238607702864,1.4262199732111664,2.742206301369862,-0.469639826442898,-1.073538660858235,-0.37523337204867524
-0.2441839431752486,-0.2640193025968217,-0.2992508611737871,ZIII,2.7491300138066537,-0.0874631691378731,2.985437067670965,-2.737058476838455,0.9816150892688862,-0.2493388499293649,-0.1929218834234403,-1.899297426428136,-2.8912640084024144,2.5898048779481257,-2.7414620710578825,2.8204877144050515,-0.2713299824435025
0.0102505897800798,0.0372049023615769,0.0478901554832208,XXXX,-0.5493486205807465,-1.2152373058632897,2.9964834962803977,-1.1030702451822076,-3.120643078183146,-1.8336660653077863,2.585724447568415,-1.0560010133665974,2.089979556237706,-0.4986256280277858,3.114770120962615,1.4024105697880236,0.013182470328892103
-0.5461743097112494,-0.6053252295623611,-0.5617614704646593,IZZI,-0.5493486205807465,-1.2152373058632897,2.9964834962803977,-1.1030702451822076,-3.120643078183146,-1.8336660653077863,2.585724447568415,-1.0560010133665974,2.089979556237706,-0.4986256280277858,3.114770120962615,1.4024105697880236,-0.6240892311595335
0.0113281825321432,0.0141650251918994,-0.0233795707685038,ZIZI,-0.5493486205807465,-1.2152373058632897,2.9964834962803977,-1.1030702451822076,-3.120643078183146,-1.8336660653077863,2.585724447568415,-1.0560010133665974,2.089979556237706,-0.4986256280277858,3.114770120962615,1.4024105697880236,0.013058203250402682
-0.0996429394284204,-0.091796352602403,-0.1198933843741048,ZIIZ,2.7491300138066537,-0.0874631691378731,2.985437067670965,-2.737058476838455,0.9816150892688862,-0.2493388499293649,-0.1929218834234403,-1.899297426428136,-2.8912640084024144,2.5898048779481257,-2.7414620710578825,2.8204877144050515,-0.10029122765361727
-0.6223562329917058,-0.677906353412713,-0.6960030521561712,XXYY,2.7491300138066537,-0.0874631691378731,2.985437067670965,-2.737058476838455,0.9816150892688862,-0.2493388499293649,-0.1929218834234403,-1.899297426428136,-2.8912640084024144,2.5898048779481257,-2.7414620710578825,2.8204877144050515,-0.6803851185084727
0.4080156061329861,0.4312541995222488,0.4548917873319312,IIIZ,-0.5493486205807465,-1.2152373058632897,2.9964834962803977,-1.1030702451822076,-3.120643078183146,-1.8336660653077863,2.585724447568415,-1.0560010133665974,2.089979556237706,-0.4986256280277858,3.114770120962615,1.4024105697880236,0.4484835878721061
-0.3597521438318354,-0.3620338274832939,-0.3799214717446608,IZIZ,-0.5493486205807465,-1.2152373058632897,2.9964834962803977,-1.1030702451822076,-3.120643078183146,-1.8336660653077863,2.585724447568415,-1.0560010133665974,2.089979556237706,-0.4986256280277858,3.114770120962615,1.4024105697880236,-0.3959122209526753
0.2453890069075827,0.2485227191920369,0.2457190000197678,ZZII,-0.5817957517671752,-3.096869831989888,-1.555434171076473,-1.437823925342058,-1.5630939140450502,-1.6213161942128982,2.843951419372119,2.6173156669285005,-0.1525567672930035,-1.0482594538938597,-3.1353195764984774,2.3817470650509325,0.27056278288355645
0.995063396242258,0.995356612843974,0.996322980891882,IIII,-0.4847739779408124,2.029099285368062,2.3825375807712144,0.5848129487852329,2.631904494402221,2.5984737959525805,-2.6075400019463557,1.0952647374924078,-0.3011574410918576,3.0027734215285893,-1.903345272817406,-0.6784748299581493,0.928268344341548
0.2381451550306511,0.2524378293104947,0.2220839597251983,ZIII,-0.5493486205807465,-1.2152373058632897,2.9964834962803977,-1.1030702451822076,-3.120643078183146,-1.8336660653077863,2.585724447568415,-1.0560010133665974,2.089979556237706,-0.4986256280277858,3.114770120962615,1.4024105697880236,0.2681081118734097
-0.3673050911775232,-0.3946037776978549,-0.4064719315996562,IIZI,-0.5817957517671752,-3.096869831989888,-1.555434171076473,-1.437823925342058,-1.5630939140450502,-1.6213161942128982,2.843951419372119,2.6173156669285005,-0.1525567672930035,-1.0482594538938597,-3.1353195764984774,2.3817470650509325,-0.4099997986965544
0.1151514863882747,0.1272304655627345,0.1071851748507857,IIZZ,-0.5817957517671752,-3.096869831989888,-1.555434171076473,-1.437823925342058,-1.5630939140450502,-1.6213161942128982,2.843951419372119,2.6173156669285005,-0.1525567672930035,-1.0482594538938597,-3.1353195764984774,2.3817470650509325,0.12096698406779474
0.1385239617937697,0.1554888617638781,0.1563050480897123,IZII,-0.5817957517671752,-3.096869831989888,-1.555434171076473,-1.437823925342058,-1.5630939140450502,-1.6213161942128982,2.843951419372119,2.6173156669285005,-0.1525567672930035,-1.0482594538938597,-3.1353195764984774,2.3817470650509325,0.15514775652201343
-0.0244483170604354,-0.0332042714333093,-0.0356666264942771,XXYY,-0.0012359615807602,-1.929963061899412,1.5045012939725728,-2.407785121796704,1.932344983549033,2.5787642695046467,-1.042676377687128,-2.6232082177032834,-0.7734106660044535,1.6912651981431113,2.233524786637888,-1.2674798643724432,-0.0275895752292309
-0.0379689960608171,-0.0552691779361001,-0.0295936617811683,YYYY,-0.5817957517671752,-3.096869831989888,-1.555434171076473,-1.437823925342058,-1.5630939140450502,-1.6213161942128982,2.843951419372119,2.6173156669285005,-0.1525567672930035,-1.0482594538938597,-3.1353195764984774,2.3817470650509325,-0.0455676928578964
0.0528373457609486,0.0628365162454185,0.0698878487835503,ZIIZ,-0.5817957517671752,-3.096869831989888,-1.555434171076473,-1.437823925342058,-1.5630939140450502,-1.6213161942128982,2.843951419372119,2.6173156669285005,-0.1525567672930035,-1.0482594538938597,-3.1353195764984774,2.3817470650509325,0.05584093188987633
0.2277209273232203,0.2594554185104882,0.247514493092149,IZZI,-0.0012359615807602,-1.929963061899412,1.5045012939725728,-2.407785121796704,1.932344983549033,2.5787642695046467,-1.042676377687128,-2.6232082177032834,-0.7734106660044535,1.6912651981431113,2.233524786637888,-1.2674798643724432,0.26411313905975786
0.0878776089257471,0.1114429514148195,0.0768377523592507,YYXX,2.7491300138066537,-0.0874631691378731,2.985437067670965,-2.737058476838455,0.9816150892688862,-0.2493388499293649,-0.1929218834234403,-1.899297426428136,-2.8912640084024144,2.5898048779481257,-2.7414620710578825,2.8204877144050515,0.0886701706952004
0.4065627846046107,0.4294360950775208,0.438425929462264,ZIZI,-0.0012359615807602,-1.929963061899412,1.5045012939725728,-2.407785121796704,1.932344983549033,2.5787642695046467,-1.042676377687128,-2.6232082177032834,-0.7734106660044535,1.6912651981431113,2.233524786637888,-1.2674798643724432,0.46035775720809696
0.164432596241494,0.1484493193422042,0.1344945741301172,ZZII,-0.0012359615807602,-1.929963061899412,1.5045012939725728,-2.407785121796704,1.932344983549033,2.5787642695046467,-1.042676377687128,-2.6232082177032834,-0.7734106660044535,1.6912651981431113,2.233524786637888,-1.2674798643724432,0.18934143094479997
0.9917526164207012,0.9908525077112806,1.0007413139330807,IIII,2.999241408731711,-1.9262729516809796,-1.1183053767668762,-1.741687838681805,-2.25036037734594,0.6770588863710056,0.1041691898773988,-0.6052755145604061,0.3130584719042226,-1.3428707044668469,-3.1223668038596477,0.9986596155639678,0.9286434480407477
-0.5155599830142524,-0.5445556320867504,-0.541339103194659,XXXX,-0.5817957517671752,-3.096869831989888,-1.555434171076473,-1.437823925342058,-1.5630939140450502,-1.6213161942128982,2.843951419372119,2.6173156669285005,-0.1525567672930035,-1.0482594538938597,-3.1353195764984774,2.3817470650509325,-0.5564427726425702
0.1301320833801667,0.1221882595565099,0.1514679816528249,IIIZ,-0.0012359615807602,-1.929963061899412,1.5045012939725728,-2.407785121796704,1.932344983549033,2.5787642695046467,-1.042676377687128,-2.6232082177032834,-0.7734106660044535,1.6912651981431113,2.233524786637888,-1.2674798643724432,0.14174592438182634
0.2726284477019566,0.2805638575062641,0.2913088709491985,IIZI,-0.0012359615807602,-1.929963061899412,1.5045012939725728,-2.407785121796704,1.932344983549033,2.5787642695046467,-1.042676377687128,-2.6232082177032834,-0.7734106660044535,1.6912651981431113,2.233524786637888,-1.2674798643724432,0.28704907315246386
0.1666539157435394,0.1690719859186014,0.2082885339528293,IIZZ,2.999241408731711,-1.9262729516809796,-1.1183053767668762,-1.741687838681805,-2.25036037734594,0.6770588863710056,0.1041691898773988,-0.6052755145604061,0.3130584719042226,-1.3428707044668469,-3.1223668038596477,0.9986596155639678,0.17107392907978752
-0.4811946011390744,-0.5430087584498963,-0.5285947471784249,IZII,-0.5493486205807465,-1.2152373058632897,2.9964834962803977,-1.1030702451822076,-3.120643078183146,-1.8336660653077863,2.585724447568415,-1.0560010133665974,2.089979556237706,-0.4986256280277858,3.114770120962615,1.4024105697880236,-0.5233861739067597
-0.3278435065021037,-0.363533547231992,-0.3550736146540881,IZIZ,2.999241408731711,-1.9262729516809796,-1.1183053767668762,-1.741687838681805,-2.25036037734594,0.6770588863710056,0.1041691898773988,-0.6052755145604061,0.3130584719042226,-1.3428707044668469,-3.1223668038596477,0.9986596155639678,-0.34411917136251036
0.5893359093481754,0.6128810640531069,0.6076365544448022,ZIII,2.999241408731711,-1.9262729516809796,-1.1183053767668762,-1.741687838681805,-2.25036037734594,0.6770588863710056,0.1041691898773988,-0.6052755145604061,0.3130584719042226,-1.3428707044668469,-3.1223668038596477,0.9986596155639678,0.6506286373945132
-0.2401320525895669,-0.2801331795382167,-0.2610364432650231,YYYY,-0.0012359615807602,-1.929963061899412,1.5045012939725728,-2.407785121796704,1.932344983549033,2.5787642695046467,-1.042676377687128,-2.6232082177032834,-0.7734106660044535,1.6912651981431113,2.233524786637888,-1.2674798643724432,-0.2694530219222204
-0.117962967729907,-0.1456494099128533,-0.1121261983997224,XXYY,2.999241408731711,-1.9262729516809796,-1.1183053767668762,-1.741687838681805,-2.25036037734594,0.6770588863710056,0.1041691898773988,-0.6052755145604061,0.3130584719042226,-1.3428707044668469,-3.1223668038596477,0.9986596155639678,-0.14294577024876653
0.1402981749687389,0.1615346588093387,0.1523378447977114,YYXX,2.999241408731711,-1.9262729516809796,-1.1183053767668762,-1.741687838681805,-2.25036037734594,0.6770588863710056,0.1041691898773988,-0.6052755145604061,0.3130584719042226,-1.3428707044668469,-3.1223668038596477,0.9986596155639678,0.15626203465096247
1.0003724541979602,0.9889648800830944,0.9908034925372808,IIII,2.999241408731711,-1.9262729516809796,-1.1183053767668762,-1.741687838681805,-2.25036037734594,0.6770588863710056,0.1041691898773988,-0.6052755145604061,0.3130584719042226,-1.3428707044668469,-3.1223668038596477,0.9986596155639678,0.9286434480407477
0.1082448602852548,0.116995455388314,0.0985848296803895,ZIIZ,-1.879885825761217,-0.4312062473734825,0.5295555106085859,0.9262566484616316,-0.4754232516991812,-2.313885568353658,-2.4952426325757218,-0.0492636015511607,0.0864209421192812,0.7272639615446157,-0.0976078532010538,1.14220633705873,0.11729956501541361
0.4034432758437941,0.4480197013424413,0.4329136483474308,XXXX,-1.879885825761217,-0.4312062473734825,0.5295555106085859,0.9262566484616316,-0.4754232516991812,-2.313885568353658,-2.4952426325757218,-0.0492636015511607,0.0864209421192812,0.7272639615446157,-0.0976078532010538,1.14220633705873,0.4302373919640675
0.1257613609783561,0.1503537854790832,0.1316759627058961,IZZI,-0.5817957517671752,-3.096869831989888,-1.555434171076473,-1.437823925342058,-1.5630939140450502,-1.6213161942128982,2.843951419372119,2.6173156669285005,-0.1525567672930035,-1.0482594538938597,-3.1353195764984774,2.3817470650509325,0.1382364818218222
0.1963666740450415,0.2487324582404804,0.2290150953624243,ZIZI,-1.879885825761217,-0.4312062473734825,0.5295555106085859,0.9262566484616316,-0.4754232516991812,-2.313885568353658,-2.4952426325757218,-0.0492636015511607,0.0864209421192812,0.7272639615446157,-0.0976078532010538,1.14220633705873,0.21625933255883345
0.2267614412936443,0.289076519561941,0.2822531497778589,ZZII,-1.879885825761217,-0.4312062473734825,0.5295555106085859,0.9262566484616316,-0.4754232516991812,-2.313885568353658,-2.4952426325757218,-0.0492636015511607,0.0864209421192812,0.7272639615446157,-0.0976078532010538,1.14220633705873,0.25703335843909214
-0.5889621313959709,-0.6450246681168428,-0.6418535000186387,IZII,-2.4297178473985017,0.6865857195336473,1.266372327156824,-1.1123153022769443,-2.998456835134322,-0.2542571265269835,-1.4063801382544174,2.2317320897507376,-1.1928446515437154,-0.0047264280064154,-2.2929616996660944,2.3053403799904606,-0.6372763929642147
-0.1221998881074851,-0.1304668628531555,-0.1448197001820173,IIIZ,-1.879885825761217,-0.4312062473734825,0.5295555106085859,0.9262566484616316,-0.4754232516991812,-2.313885568353658,-2.4952426325757218,-0.0492636015511607,0.0864209421192812,0.7272639615446157,-0.0976078532010538,1.14220633705873,-0.14280719097591077
-0.5593655388534021,-0.6115780452573042,-0.6501611548233119,IZIZ,-2.4297178473985017,0.6865857195336473,1.266372327156824,-1.1123153022769443,-2.998456835134322,-0.2542571265269835,-1.4063801382544174,2.2317320897507376,-1.1928446515437154,-0.0047264280064154,-2.2929616996660944,2.3053403799904606,-0.621556845094963
0.4548141998385333,0.4866438314506693,0.4593863900394118,ZIII,-0.0012359615807602,-1.929963061899412,1.5045012939725728,-2.407785121796704,1.932344983549033,2.5787642695046467,-1.042676377687128,-2.6232082177032834,-0.7734106660044535,1.6912651981431113,2.233524786637888,-1.2674798643724432,0.4947172619876963
-0.6108695178160614,-0.6861680507063038,-0.6873732355343586,ZIIZ,-2.4297178473985017,0.6865857195336473,1.266372327156824,-1.1123153022769443,-2.998456835134322,-0.2542571265269835,-1.4063801382544174,2.2317320897507376,-1.1928446515437154,-0.0047264280064154,-2.2929616996660944,2.3053403799904606,-0.6798347893347619
0.0108777573543864,-0.0101692377485527,0.0128632927037902,YYYY,-2.4297178473985017,0.6865857195336473,1.266372327156824,-1.1123153022769443,-2.998456835134322,-0.2542571265269835,-1.4063801382544174,2.2317320897507376,-1.1928446515437154,-0.0047264280064154,-2.2929616996660944,2.3053403799904606,0.013008697498865027
-0.5599525939260437,-0.5886827545149284,-0.5652610998714096,IIZI,-1.879885825761217,-0.4312062473734825,0.5295555106085859,0.9262566484616316,-0.4754232516991812,-2.313885568353658,-2.4952426325757218,-0.0492636015511607,0.0864209421192812,0.7272639615446157,-0.0976078532010538,1.14220633705873,-0.6200189578921962
0.2105843519276103,0.2551449053496704,0.2151802924662047,YYXX,-2.4297178473985017,0.6865857195336473,1.266372327156824,-1.1123153022769443,-2.998456835134322,-0.2542571265269835,-1.4063801382544174,2.2317320897507376,-1.1928446515437154,-0.0047264280064154,-2.2929616996660944,2.3053403799904606,0.22664158424480887
0.036863292253573,0.0335557471272504,0.0153617413060224,IIZZ,-1.879885825761217,-0.4312062473734825,0.5295555106085859,0.9262566484616316,-0.4754232516991812,-2.313885568353658,-2.4952426325757218,-0.0492636015511607,0.0864209421192812,0.7272639615446157,-0.0976078532010538,1.14220633705873,0.029610967830022473
-0.2130744977808385,-0.2172578365210605,-0.2116090593540943,IZZI,2.999241408731711,-1.9262729516809796,-1.1183053767668762,-1.741687838681805,-2.25036037734594,0.6770588863710056,0.1041691898773988,-0.6052755145604061,0.3130584719042226,-1.3428707044668469,-3.1223668038596477,0.9986596155639678,-0.23237992520174855
1.0065747655844113,0.994536042886103,0.9846426583239049,IIII,-2.4297178473985017,0.6865857195336473,1.266372327156824,-1.1123153022769443,-2.998456835134322,-0.2542571265269835,-1.4063801382544174,2.2317320897507376,-1.1928446515437154,-0.0047264280064154,-2.2929616996660944,2.3053403799904606,0.9309126425948782
0.1197287819064946,0.1135726799428114,0.1183653077468897,XXYY,-2.630906663845915,-0.3788902530711513,2.225325616259409,-1.6584522290343364,-2.6021065238969694,1.7517351274277004,-0.0971236210014954,-2.310433860399772,-1.814573166956701,-2.554501064285144,-2.232665084207589,-2.203546411645569,0.13714606412168961
-0.4593960291479786,-0.5215424378826338,-0.4858078859278756,XXXX,-2.630906663845915,-0.3788902530711513,2.225325616259409,-1.6584522290343364,-2.6021065238969694,1.7517351274277004,-0.0971236210014954,-2.310433860399772,-1.814573166956701,-2.554501064285144,-2.232665084207589,-2.203546411645569,-0.5033595534794928
-0.5970577839880348,-0.6551670659364156,-0.6590681562447068,IIZI,-2.4297178473985017,0.6865857195336473,1.266372327156824,-1.1123153022769443,-2.998456835134322,-0.2542571265269835,-1.4063801382544174,2.2317320897507376,-1.1928446515437154,-0.0047264280064154,-2.2929616996660944,2.3053403799904606,-0.6590491824563308
-0.2427982796338911,-0.2517565968262763,-0.2664207723155412,ZIZI,-2.630906663845915,-0.3788902530711513,2.225325616259409,-1.6584522290343364,-2.6021065238969694,1.7517351274277004,-0.0971236210014954,-2.310433860399772,-1.814573166956701,-2.554501064285144,-2.232665084207589,-2.203546411645569,-0.25839355842224754
-0.7507673076369585,-0.7826000568572107,-0.7771775198829379,ZZII,-2.630906663845915,-0.3788902530711513,2.225325616259409,-1.6584522290343364,-2.6021065238969694,1.7517351274277004,-0.0971236210014954,-2.310433860399772,-1.814573166956701,-2.554501064285144,-2.232665084207589,-2.203546411645569,-0.8084880823067193
-0.6610162662467649,-0.6916110300033653,-0.6535251922266899,IIIZ,-2.630906663845915,-0.3788902530711513,2.225325616259409,-1.6584522290343364,-2.6021065238969694,1.7517351274277004,-0.0971236210014954,-2.310433860399772,-1.814573166956701,-2.554501064285144,-2.232665084207589,-2.203546411645569,-0.7575201318691075
0.041457343314442,0.0377775288658753,0.027309475945452,IIZZ,-1.879885825761217,-0.4312062473734825,0.5295555106085859,0.9262566484616316,-0.4754232516991812,-2.313885568353658,-2.4952426325757218,-0.0492636015511607,0.0864209421192812,0.7272639615446157,-0.0976078532010538,1.14220633705873,0.0608975004214618
-0.4431604246113048,-0.4603184460679222,-0.4653631363769114,IZII,-2.630906663845915,-0.3788902530711513,2.225325616259409,-1.6584522290343364,-2.6021065238969694,1.7517351274277004,-0.0971236210014954,-2.310433860399772,-1.814573166956701,-2.554501064285144,-2.232665084207589,-2.203546411645569,-0.4864350293469693
0.2658239022684869,0.3110843001986904,0.2613714132400038,IZIZ,0.8338996794855493,1.085512392585482,1.0188223761628563,-1.1825581763082256,-0.4033293505960351,1.2051208395713848,-2.3132075474787044,3.0487190115878926,2.9387685007225155,2.4437185844184297,1.5348926116080222,0.6703315814277544,0.280586717151668
-0.0058630136346469,-0.0011358767755649,0.0179366345730385,XXXX,-2.4297178473985017,0.6865857195336473,1.266372327156824,-1.1123153022769443,-2.998456835134322,-0.2542571265269835,-1.4063801382544174,2.2317320897507376,-1.1928446515437154,-0.0047264280064154,-2.2929616996660944,2.3053403799904606,0.005277446309291187
-0.6098957166625631,-0.6541232722351246,-0.6525264015479456,ZIII,0.8338996794855493,1.085512392585482,1.0188223761628563,-1.1825581763082256,-0.4033293505960351,1.2051208395713848,-2.3132075474787044,3.0487190115878926,2.9387685007225155,2.4437185844184297,1.5348926116080222,0.6703315814277544,-0.6791696206211367
-0.3436871195735988,-0.3707774346963718,-0.3611984752525226,ZIIZ,-2.630906663845915,-0.3788902530711513,2.225325616259409,-1.6584522290343364,-2.6021065238969694,1.7517351274277004,-0.0971236210014954,-2.310433860399772,-1.814573166956701,-2.554501064285144,-2.232665084207589,-2.203546411645569,-0.3666847209942328
0.1011796279800204,0.107559408581848,0.1379143598195598,XXYY,0.8338996794855493,1.085512392585482,1.0188223761628563,-1.1825581763082256,-0.4033293505960351,1.2051208395713848,-2.3132075474787044,3.0487190115878926,2.9387685007225155,2.4437185844184297,1.5348926116080222,0.6703315814277544,0.10513746136605663
-0.0523659755176817,-0.0512793391104888,-0.0583469050704736,YYYY,0.8338996794855493,1.085512392585482,1.0188223761628563,-1.1825581763082256,-0.4033293505960351,1.2051208395713848,-2.3132075474787044,3.0487190115878926,2.9387685007225155,2.4437185844184297,1.5348926116080222,0.6703315814277544,-0.056704271547167444
-0.1383958681067247,-0.1408975780243969,-0.1574734365169564,ZIZI,3.0379270448936007,0.6180243349886498,-0.4513882993792379,2.614792986608819,-0.1484605323299792,-3.0523595350529185,-0.8759784158678237,-2.469827959543858,-1.0338366083021944,1.3660225821826648,-1.2088416228531829,2.006808263772069,-0.14728057070964373
0.0231463287810913,0.0310045945258766,0.0192899972012868,YYXX,0.8338996794855493,1.085512392585482,1.0188223761628563,-1.1825581763082256,-0.4033293505960351,1.2051208395713848,-2.3132075474787044,3.0487190115878926,2.9387685007225155,2.4437185844184297,1.5348926116080222,0.6703315814277544,0.011042290093435774
0.99846428287989,0.9803927999461765,0.9714435172882524,IIII,3.0379270448936007,0.6180243349886498,-0.4513882993792379,2.614792986608819,-0.1484605323299792,-3.0523595350529185,-0.8759784158678237,-2.469827959543858,-1.0338366083021944,1.3660225821826648,-1.2088416228531829,2.006808263772069,0.9303897732613595
-0.0210912208719326,-0.0359145319188472,-0.0531846978056592,IZZI,0.8338996794855493,1.085512392585482,1.0188223761628563,-1.1825581763082256,-0.4033293505960351,1.2051208395713848,-2.3132075474787044,3.0487190115878926,2.9387685007225155,2.4437185844184297,1.5348926116080222,0.6703315814277544,-0.0215065833351989
-0.0051863256299925,-0.0177815087089809,-0.0215254132222809,IIZI,3.0379270448936007,0.6180243349886498,-0.4513882993792379,2.614792986608819,-0.1484605323299792,-3.0523595350529185,-0.8759784158678237,-2.469827959543858,-1.0338366083021944,1.3660225821826648,-1.2088416228531829,2.006808263772069,-0.005709262984656327
-0.7457901717855626,-0.7799597738090451,-0.783481540912378,ZZII,-2.630906663845915,-0.3788902530711513,2.225325616259409,-1.6584522290343364,-2.6021065238969694,1.7517351274277004,-0.0971236210014954,-2.310433860399772,-1.814573166956701,-2.554501064285144,-2.232665084207589,-2.203546411645569,-0.8084880823067193
-0.0318846234206179,-0.039565222337957,-0.0392812883921542,IIZZ,3.0379270448936007,0.6180243349886498,-0.4513882993792379,2.614792986608819,-0.1484605323299792,-3.0523595350529185,-0.8759784158678237,-2.469827959543858,-1.0338366083021944,1.3660225821826648,-1.2088416228531829,2.006808263772069,-0.0309461419800286
0.105333629702818,0.1223226196839251,0.1089142980766245,IZIZ,3.0379270448936007,0.6180243349886498,-0.4513882993792379,2.614792986608819,-0.1484605323299792,-3.0523595350529185,-0.8759784158678237,-2.469827959543858,-1.0338366083021944,1.3660225821826648,-1.2088416228531829,2.006808263772069,0.11622200080876847
-0.2944453647458709,-0.3309593734309154,-0.3300446984740782,ZIIZ,3.0379270448936007,0.6180243349886498,-0.4513882993792379,2.614792986608819,-0.1484605323299792,-3.0523595350529185,-0.8759784158678237,-2.469827959543858,-1.0338366083021944,1.3660225821826648,-1.2088416228531829,2.006808263772069,-0.32596403509948907
-0.8352906280960168,-0.8452255379764877,-0.8600900409618949,IIIZ,0.8338996794855493,1.085512392585482,1.0188223761628563,-1.1825581763082256,-0.4033293505960351,1.2051208395713848,-2.3132075474787044,3.0487190115878926,2.9387685007225155,2.4437185844184297,1.5348926116080222,0.6703315814277544,-0.8809652126885686
-0.0939358303425584,-0.1453675094956009,-0.1474641621219105,IZII,-0.6045223528475772,2.6581290197623355,0.6824029770504265,-2.753783307361919,2.154761446932122,-2.816400887445984,1.4304125664637732,2.0952728177655544,1.8813926580660585,-1.2055876017330125,-0.0898457826804195,3.0215842620097426,-0.10672062446651409
0.0911691891895234,0.1355246814392795,0.1115365221513911,ZIII,-0.6045223528475772,2.6581290197623355,0.6824029770504265,-2.753783307361919,2.154761446932122,-2.816400887445984,1.4304125664637732,2.0952728177655544,1.8813926580660585,-1.2055876017330125,-0.0898457826804195,3.0215842620097426,0.0998927357617864
-0.0264529833068931,-0.0327246463536237,0.0091266887439063,YYYY,-0.6045223528475772,2.6581290197623355,0.6824029770504265,-2.753783307361919,2.154761446932122,-2.816400887445984,1.4304125664637732,2.0952728177655544,1.8813926580660585,-1.2055876017330125,-0.0898457826804195,3.0215842620097426,-0.028897305270084144
0.0749557325983658,0.112221815845499,0.1041467027941189,XXYY,0.8338996794855493,1.085512392585482,1.0188223761628563,-1.1825581763082256,-0.4033293505960351,1.2051208395713848,-2.3132075474787044,3.0487190115878926,2.9387685007225155,2.4437185844184297,1.5348926116080222,0.6703315814277544,0.08745861637434403
-0.1080623082005918,-0.160566240897035,-0.148019104906645,ZIZI,3.0379270448936007,0.6180243349886498,-0.4513882993792379,2.614792986608819,-0.1484605323299792,-3.0523595350529185,-0.8759784158678237,-2.469827959543858,-1.0338366083021944,1.3660225821826648,-1.2088416228531829,2.006808263772069,-0.11631045689823301
0.0367841147736118,0.0463003273904236,0.0424662832190464,YYXX,-0.6045223528475772,2.6581290197623355,0.6824029770504265,-2.753783307361919,2.154761446932122,-2.816400887445984,1.4304125664637732,2.0952728177655544,1.8813926580660585,-1.2055876017330125,-0.0898457826804195,3.0215842620097426,0.025952025314664676
-0.392143193388736,-0.4556663216263331,-0.4357786479441307,XXXX,-0.6045223528475772,2.6581290197623355,0.6824029770504265,-2.753783307361919,2.154761446932122,-2.816400887445984,1.4304125664637732,2.0952728177655544,1.8813926580660585,-1.2055876017330125,-0.0898457826804195,3.0215842620097426,-0.45001451476544163
0.2212616745520458,0.2302600011341164,0.2643486606824523,ZZII,0.9201944522134652,-2.4606785941564318,2.156056501245917,-0.3297039655945899,-1.7670528854031382,-2.636257981925996,1.838073244775104,2.6460196202714883,-2.513601856568491,1.3101503387823683,-0.4053511061005834,-0.5397906870907807,0.2427313687724492
1.0011866563419378,1.0060524901433832,1.011789924579346,IIII,0.9201944522134652,-2.4606785941564318,2.156056501245917,-0.3297039655945899,-1.7670528854031382,-2.636257981925996,1.838073244775104,2.6460196202714883,-2.513601856568491,1.3101503387823683,-0.4053511061005834,-0.5397906870907807,0.932981913797589
0.1652756466213628,0.1895236595727661,0.185370052463034,IIIZ,0.9201944522134652,-2.4606785941564318,2.156056501245917,-0.3297039655945899,-1.7670528854031382,-2.636257981925996,1.838073244775104,2.6460196202714883,-2.513601856568491,1.3101503387823683,-0.4053511061005834,-0.5397906870907807,0.18021591390163977
-0.0116575727338336,-0.0321611315566924,-0.0204752957043388,IIZI,3.0379270448936007,0.6180243349886498,-0.4513882993792379,2.614792986608819,-0.1484605323299792,-3.0523595350529185,-0.8759784158678237,-2.469827959543858,-1.0338366083021944,1.3660225821826648,-1.2088416228531829,2.006808263772069,-0.00459410164578673
0.4014465992273596,0.418468828926312,0.4313158520924219,IZII,0.9201944522134652,-2.4606785941564318,2.156056501245917,-0.3297039655945899,-1.7670528854031382,-2.636257981925996,1.838073244775104,2.6460196202714883,-2.513601856568491,1.3101503387823683,-0.4053511061005834,-0.5397906870907807,0.4422079211218769
0.0277516575296842,0.025553301191983,0.0047504350020535,IZIZ,0.9201944522134652,-2.4606785941564318,2.156056501245917,-0.3297039655945899,-1.7670528854031382,-2.636257981925996,1.838073244775104,2.6460196202714883,-2.513601856568491,1.3101503387823683,-0.4053511061005834,-0.5397906870907807,0.030187155143824366
0.0081458421316689,0.0176891844972644,0.0181924527438675,IZZI,-0.6045223528475772,2.6581290197623355,0.6824029770504265,-2.753783307361919,2.154761446932122,-2.816400887445984,1.4304125664637732,2.0952728177655544,1.8813926580660585,-1.2055876017330125,-0.0898457826804195,3.0215842620097426,0.008938653442985455
0.271176636981187,0.3126810975400808,0.3070890978670826,IIZZ,-0.6045223528475772,2.6581290197623355,0.6824029770504265,-2.753783307361919,2.154761446932122,-2.816400887445984,1.4304125664637732,2.0952728177655544,1.8813926580660585,-1.2055876017330125,-0.0898457826804195,3.0215842620097426,0.2796287829388453
-0.1678635913027623,-0.1896290069416961,-0.2091716827124966,IZZI,0.9201944522134652,-2.4606785941564318,2.156056501245917,-0.3297039655945899,-1.7670528854031382,-2.636257981925996,1.838073244775104,2.6460196202714883,-2.513601856568491,1.3101503387823683,-0.4053511061005834,-0.5397906870907807,-0.18935741409034854
0.5380336964409272,0.5741644933754789,0.5502209775688396,ZIII,-0.4109062099585276,-1.7682531816838534,-0.4458284657188547,2.1114716481041134,-1.8427820724859727,0.6987344946278884,-2.507083665700324,-2.1869719896502096,-0.1391191714524065,1.7714208160402285,0.1238934022813249,1.617399331738878,0.5826808416842186
0.0435085481236137,0.0729147189280075,0.0497731009422358,ZIIZ,-0.4109062099585276,-1.7682531816838534,-0.4458284657188547,2.1114716481041134,-1.8427820724859727,0.6987344946278884,-2.507083665700324,-2.1869719896502096,-0.1391191714524065,1.7714208160402285,0.1238934022813249,1.617399331738878,0.05174025874907555
-0.3008053669417462,-0.3269749381510462,-0.3253564308161231,ZIZI,0.9201944522134652,-2.4606785941564318,2.156056501245917,-0.3297039655945899,-1.7670528854031382,-2.636257981925996,1.838073244775104,2.6460196202714883,-2.513601856568491,1.3101503387823683,-0.4053511061005834,-0.5397906870907807,-0.337965871974132
0.0764318803012751,0.0701368379861791,0.089535934506547,YYYY,-0.4109062099585276,-1.7682531816838534,-0.4458284657188547,2.1114716481041134,-1.8427820724859727,0.6987344946278884,-2.507083665700324,-2.1869719896502096,-0.1391191714524065,1.7714208160402285,0.1238934022813249,1.617399331738878,0.09666939882203517
0.7539682153289861,0.7975236434825826,0.7978867652029025,XXYY,-0.6045223528475772,2.6581290197623355,0.6824029770504265,-2.753783307361919,2.154761446932122,-2.816400887445984,1.4304125664637732,2.0952728177655544,1.8813926580660585,-1.2055876017330125,-0.0898457826804195,3.0215842620097426,0.8430529491779898
-0.157311528735398,-0.1715191978684849,-0.1621024871595278,YYXX,-0.4109062099585276,-1.7682531816838534,-0.4458284657188547,2.1114716481041134,-1.8427820724859727,0.6987344946278884,-2.507083665700324,-2.1869719896502096,-0.1391191714524065,1.7714208160402285,0.1238934022813249,1.617399331738878,-0.16811424441432607
-0.3007054064222408,-0.3477913802489207,-0.3442697857450681,XXXX,-0.4109062099585276,-1.7682531816838534,-0.4458284657188547,2.1114716481041134,-1.8427820724859727,0.6987344946278884,-2.507083665700324,-2.1869719896502096,-0.1391191714524065,1.7714208160402285,0.1238934022813249,1.617399331738878,-0.32745534611932137
0.9895847612289316,0.988081125829154,0.980839949238033,IIII,0.9726435234389958,-0.5406207608442686,0.5541081450016394,1.9029873834208135,1.4577286142447674,-2.328201910321574,-0.690854528787296,3.0444104806211545,2.152696856036592,1.023559818480746,0.2377488693765039,2.7721701471734423,0.9297191269052584
0.1647663865056851,0.1965891008033706,0.1832812223699845,IIIZ,0.9726435234389958,-0.5406207608442686,0.5541081450016394,1.9029873834208135,1.4577286142447674,-2.328201910321574,-0.690854528787296,3.0444104806211545,2.152696856036592,1.023559818480746,0.2377488693765039,2.7721701471734423,0.1747355696167106
0.0083938508117893,0.0198335320456665,0.0244970233967446,ZZII,-0.4109062099585276,-1.7682531816838534,-0.4458284657188547,2.1114716481041134,-1.8427820724859727,0.6987344946278884,-2.507083665700324,-2.1869719896502096,-0.1391191714524065,1.7714208160402285,0.1238934022813249,1.617399331738878,0.0027654716612351467
0.0295140973077263,0.0394078095416812,0.0338875373894409,IZIZ,0.9726435234389958,-0.5406207608442686,0.5541081450016394,1.9029873834208135,1.4577286142447674,-2.328201910321574,-0.690854528787296,3.0444104806211545,2.152696856036592,1.023559818480746,0.2377488693765039,2.7721701471734423,0.028706958080689828
0.0613697759283814,0.0701247041520664,0.0947203281771548,IIZZ,0.9726435234389958,-0.5406207608442686,0.5541081450016394,1.9029873834208135,1.4577286142447674,-2.328201910321574,-0.690854528787296,3.0444104806211545,2.152696856036592,1.023559818480746,0.2377488693765039,2.7721701471734423,0.06128240569526626
0.4229963627360757,0.4253952681040849,0.4253046192051667,IZII,0.9201944522134652,-2.4606785941564318,2.156056501245917,-0.3297039655945899,-1.7670528854031382,-2.636257981925996,1.838073244775104,2.6460196202714883,-2.513601856568491,1.3101503387823683,-0.4053511061005834,-0.5397906870907807,0.4636904677771661
0.3465769677114489,0.3608696894929675,0.3645047849614738,ZIII,0.9726435234389958,-0.5406207608442686,0.5541081450016394,1.9029873834208135,1.4577286142447674,-2.328201910321574,-0.690854528787296,3.0444104806211545,2.152696856036592,1.023559818480746,0.2377488693765039,2.7721701471734423,0.38509886658220566
-0.5571665253471219,-0.5989826579806689,-0.5953054359657507,XXYY,0.9726435234389958,-0.5406207608442686,0.5541081450016394,1.9029873834208135,1.4577286142447674,-2.328201910321574,-0.690854528787296,3.0444104806211545,2.152696856036592,1.023559818480746,0.2377488693765039,2.7721701471734423,-0.6227998186483164
-0.1281961332860199,-0.146901474467047,-0.142266847867219,IIZI,-0.4109062099585276,-1.7682531816838534,-0.4458284657188547,2.1114716481041134,-1.8427820724859727,0.6987344946278884,-2.507083665700324,-2.1869719896502096,-0.1391191714524065,1.7714208160402285,0.1238934022813249,1.617399331738878,-0.13530559569852155
-0.0615962988372451,-0.051612955517522,-0.0615040238159188,ZIIZ,2.849972191969453,-1.8534337854116147,2.3530985997144187,-1.2628985162851685,-2.324062324739065,1.6810880484089656,-1.288328076174038,-2.049031077624864,3.10566921007286,1.1687037081552694,-0.4142620474847178,-1.8027855203795569,-0.06622119898004436
-0.4656718472542931,-0.5156022329809522,-0.4863610245247937,YYYY,2.849972191969453,-1.8534337854116147,2.3530985997144187,-1.2628985162851685,-2.324062324739065,1.6810880484089656,-1.288328076174038,-2.049031077624864,3.10566921007286,1.1687037081552694,-0.4142620474847178,-1.8027855203795569,-0.5144994011857649
1.0028660636157185,1.0244343846347577,0.9838313400696104,IIII,0.9726435234389958,-0.5406207608442686,0.5541081450016394,1.9029873834208135,1.4577286142447674,-2.328201910321574,-0.690854528787296,3.0444104806211545,2.152696856036592,1.023559818480746,0.2377488693765039,2.7721701471734423,0.9297191269052584
-0.2968533935569551,-0.3135402980867275,-0.3163970384625161,YYXX,2.849972191969453,-1.8534337854116147,2.3530985997144187,-1.2628985162851685,-2.324062324739065,1.6810880484089656,-1.288328076174038,-2.049031077624864,3.10566921007286,1.1687037081552694,-0.4142620474847178,-1.8027855203795569,-0.32372844531861944
0.1192542604441597,0.1399401636087625,0.1368232492738965,IZZI,-0.4109062099585276,-1.7682531816838534,-0.4458284657188547,2.1114716481041134,-1.8427820724859727,0.6987344946278884,-2.507083665700324,-2.1869719896502096,-0.1391191714524065,1.7714208160402285,0.1238934022813249,1.617399331738878,0.13056511108874155
0.0824952422614372,0.0887964507189679,0.1251324315225927,XXXX,2.849972191969453,-1.8534337854116147,2.3530985997144187,-1.2628985162851685,-2.324062324739065,1.6810880484089656,-1.288328076174038,-2.049031077624864,3.10566921007286,1.1687037081552694,-0.4142620474847178,-1.8027855203795569,0.08691716096344777
0.7931457020045347,0.8311066636441075,0.8428666837393365,IIIZ,-0.6995728530399248,2.0629604460121787,-2.1244456127014457,0.6613512924238134,-2.9998362620665144,-1.5642447560158186,2.3121740494738434,0.2262370117473406,2.84615277159916,-0.6053756602294253,0.7969116944490215,-0.1044988176047745,0.9021445183781723
-0.2406851522371577,-0.2514648085396138,-0.2747039934481149,ZIZI,2.849972191969453,-1.8534337854116147,2.3530985997144187,-1.2628985162851685,-2.324062324739065,1.6810880484089656,-1.288328076174038,-2.049031077624864,3.10566921007286,1.1687037081552694,-0.4142620474847178,-1.8027855203795569,-0.2665373200717699
0.0006054038014919,-0.0262611650149154,-0.0027915432399692,ZZII,2.849972191969453,-1.8534337854116147,2.3530985997144187,-1.2628985162851685,-2.324062324739065,1.6810880484089656,-1.288328076174038,-2.049031077624864,3.10566921007286,1.1687037081552694,-0.4142620474847178,-1.8027855203795569,0.002181689205521369
0.7944596791194876,0.82463244633659,0.858890933563191,IIZI,-0.6995728530399248,2.0629604460121787,-2.1244456127014457,0.6613512924238134,-2.9998362620665144,-1.5642447560158186,2.3121740494738434,0.2262370117473406,2.84615277159916,-0.6053756602294253,0.7969116944490215,-0.1044988176047745,0.9021445183781723
-0.2988559038283734,-0.3104272750162222,-0.3201166659142395,IZII,-0.6995728530399248,2.0629604460121787,-2.1244456127014457,0.6613512924238134,-2.9998362620665144,-1.5642447560158186,2.3121740494738434,0.2262370117473406,2.84615277159916,-0.6053756602294253,0.7969116944490215,-0.1044988176047745,-0.3265796402676013
0.0525694345219013,0.0380331001586864,0.0343570056476197,IZIZ,0.9726435234389958,-0.5406207608442686,0.5541081450016394,1.9029873834208135,1.4577286142447674,-2.328201910321574,-0.690854528787296,3.0444104806211545,2.152696856036592,1.023559818480746,0.2377488693765039,2.7721701471734423,0.0573703932989945
-0.3559303100908096,-0.3895837786964273,-0.3795006287374157,ZIII,-0.6995728530399248,2.0629604460121787,-2.1244456127014457,0.6613512924238134,-2.9998362620665144,-1.5642447560158186,2.3121740494738434,0.2262370117473406,2.84615277159916,-0.6053756602294253,0.7969116944490215,-0.1044988176047745,-0.3952341178439818
-0.0413284955011589,-0.0150879782305067,-0.0104522751100978,IIZZ,2.849972191969453,-1.8534337854116147,2.3530985997144187,-1.2628985162851685,-2.324062324739065,1.6810880484089656,-1.288328076174038,-2.049031077624864,3.10566921007286,1.1687037081552694,-0.4142620474847178,-1.8027855203795569,-0.05269486114630026
0.0434170454402036,0.057320428443159,0.0635484710982022,YYYY,-0.6995728530399248,2.0629604460121787,-2.1244456127014457,0.6613512924238134,-2.9998362620665144,-1.5642447560158186,2.3121740494738434,0.2262370117473406,2.84615277159916,-0.6053756602294253,0.7969116944490215,-0.1044988176047745,0.04920758648237381
0.0904376934573099,0.0841693052734011,0.0924905889003025,ZIIZ,-0.3066632784096175,-1.843573006986161,-2.7246444374008787,-2.0259510401173904,-1.882462078086433,0.8256859903020035,-1.8810466874840104,-0.1783779714560402,-1.6106099623956596,-1.5018272841959504,-1.2521348150689513,-2.194091288600389,0.10205474655468948
0.3055831702415575,0.3012602630854274,0.2909180300256369,XXYY,-0.6995728530399248,2.0629604460121787,-2.1244456127014457,0.6613512924238134,-2.9998362620665144,-1.5642447560158186,2.3121740494738434,0.2262370117473406,2.84615277159916,-0.6053756602294253,0.7969116944490215,-0.1044988176047745,0.33614491161114707
0.3063453184696195,0.3279719277091477,0.3036114295891914,YYXX,-0.3066632784096175,-1.843573006986161,-2.7246444374008787,-2.0259510401173904,-1.882462078086433,0.8256859903020035,-1.8810466874840104,-0.1783779714560402,-1.6106099623956596,-1.5018272841959504,-1.2521348150689513,-2.194091288600389,0.33139902994589954
0.0841922170607766,0.0973521080710873,0.085737020907253,XXXX,-0.3066632784096175,-1.843573006986161,-2.7246444374008787,-2.0259510401173904,-1.882462078086433,0.8256859903020035,-1.8810466874840104,-0.1783779714560402,-1.6106099623956596,-1.5018272841959504,-1.2521348150689513,-2.194091288600389,0.0975031083414998
-0.3032593807051844,-0.3237605592437139,-0.3133791915772843,ZIZI,-0.3066632784096175,-1.843573006986161,-2.7246444374008787,-2.0259510401173904,-1.882462078086433,0.8256859903020035,-1.8810466874840104,-0.1783779714560402,-1.6106099623956596,-1.5018272841959504,-1.2521348150689513,-2.194091288600389,-0.3369039839472838
0.3897859506839304,0.4238863747423455,0.4020406032810201,ZZII,-0.6995728530399248,2.0629604460121787,-2.1244456127014457,0.6613512924238134,-2.9998362620665144,-1.5642447560158186,2.3121740494738434,0.2262370117473406,2.84615277159916,-0.6053756602294253,0.7969116944490215,-0.1044988176047745,0.42907534935814035
0.9999771806692552,0.992220824064162,1.005588006933188,IIII,-0.3066632784096175,-1.843573006986161,-2.7246444374008787,-2.0259510401173904,-1.882462078086433,0.8256859903020035,-1.8810466874840104,-0.1783779714560402,-1.6106099623956596,-1.5018272841959504,-1.2521348150689513,-2.194091288600389,0.9352521999105885
0.4415728485225847,0.4915635699639152,0.4765850587948465,IIZI,-0.3066632784096175,-1.843573006986161,-2.7246444374008787,-2.0259510401173904,-1.882462078086433,0.8256859903020035,-1.8810466874840104,-0.1783779714560402,-1.6106099623956596,-1.5018272841959504,-1.2521348150689513,-2.194091288600389,0.4827808786647789
-0.1490816002842744,-0.1341004185283047,-0.1399697644864022,IZZI,2.849972191969453,-1.8534337854116147,2.3530985997144187,-1.2628985162851685,-2.324062324739065,1.6810880484089656,-1.288328076174038,-2.049031077624864,3.10566921007286,1.1687037081552694,-0.4142620474847178,-1.8027855203795569,-0.16355189020753758
-0.6580337989253906,-0.7103623881339236,-0.6979134789804894,ZIII,-0.3066632784096175,-1.843573006986161,-2.7246444374008787,-2.0259510401173904,-1.882462078086433,0.8256859903020035,-1.8810466874840104,-0.1783779714560402,-1.6106099623956596,-1.5018272841959504,-1.2521348150689513,-2.194091288600389,-0.7354295712683273
0.3017620511161752,0.2860006642005127,0.3037486778286729,IIIZ,0.0808250240059873,-2.311171255480525,1.893183931729146,0.8699918364906569,-1.9686620077326824,2.155783900006133,-1.0450622702683685,1.6786436333192576,2.648472805823003,0.0517043179222449,1.0113399470061468,0.9047169696632968,0.31492556708040487
0.3000956416393614,0.3160929474988123,0.293167670717297,XXYY,-0.6995728530399248,2.0629604460121787,-2.1244456127014457,0.6613512924238134,-2.9998362620665144,-1.5642447560158186,2.3121740494738434,0.2262370117473406,2.84615277159916,-0.6053756602294253,0.7969116944490215,-0.1044988176047745,0.3352485534779155
-0.7764909962796602,-0.8204246375564997,-0.8020285664013996,IIZZ,0.0808250240059873,-2.311171255480525,1.893183931729146,0.8699918364906569,-1.9686620077326824,2.155783900006133,-1.0450622702683685,1.6786436333192576,2.648472805823003,0.0517043179222449,1.0113399470061468,0.9047169696632968,-0.8756619964141328
-0.1569666861251027,-0.1840335586897239,-0.1573369317557675,IZIZ,0.0808250240059873,-2.311171255480525,1.893183931729146,0.8699918364906569,-1.9686620077326824,2.155783900006133,-1.0450622702683685,1.6786436333192576,2.648472805823003,0.0517043179222449,1.0113399470061468,0.9047169696632968,-0.17572281133542703
0.3251707822335287,0.3434112498115397,0.3246876060720751,IZII,0.0808250240059873,-2.311171255480525,1.893183931729146,0.8699918364906569,-1.9686620077326824,2.155783900006133,-1.0450622702683685,1.6786436333192576,2.648472805823003,0.0517043179222449,1.0113399470061468,0.9047169696632968,0.3559565275660324
0.4664876246242331,0.5273946186836891,0.5305649765810839,ZIIZ,0.0808250240059873,-2.311171255480525,1.893183931729146,0.8699918364906569,-1.9686620077326824,2.155783900006133,-1.0450622702683685,1.6786436333192576,2.648472805823003,0.0517043179222449,1.0113399470061468,0.9047169696632968,0.5292895043140444
0.2869535409533693,0.3432731301154323,0.3308770354537151,XXXX,-2.473824012683348,1.5496534243535454,2.877702683861753,0.989551141932222,-2.666336896245173,2.770652504055203,-2.784735521717544,-1.8684628723089636,1.5811636997195064,-2.923570188914891,-1.0761097937409834,-0.0109520401315443,0.3277014571000314
0.5861639563351662,0.6721105725094971,0.6614767470783341,YYYY,0.0808250240059873,-2.311171255480525,1.893183931729146,0.8699918364906569,-1.9686620077326824,2.155783900006133,-1.0450622702683685,1.6786436333192576,2.648472805823003,0.0517043179222449,1.0113399470061468,0.9047169696632968,0.6560265471019224
0.5457045842311992,0.631892876089037,0.6207125321366643,YYXX,0.0808250240059873,-2.311171255480525,1.893183931729146,0.8699918364906569,-1.9686620077326824,2.155783900006133,-1.0450622702683685,1.6786436333192576,2.648472805823003,0.0517043179222449,1.0113399470061468,0.9047169696632968,0.6002391566090673
-0.1040955252304315,-0.1056595412489013,-0.1231410043686351,IZZI,-0.3066632784096175,-1.843573006986161,-2.7246444374008787,-2.0259510401173904,-1.882462078086433,0.8256859903020035,-1.8810466874840104,-0.1783779714560402,-1.6106099623956596,-1.5018272841959504,-1.2521348150689513,-2.194091288600389,-0.10391301044980143
-0.2669361640071811,-0.3100069424259737,-0.2745395800441753,ZIZI,-2.473824012683348,1.5496534243535454,2.877702683861753,0.989551141932222,-2.666336896245173,2.770652504055203,-2.784735521717544,-1.8684628723089636,1.5811636997195064,-2.923570188914891,-1.0761097937409834,-0.0109520401315443,-0.2843266245004845
0.3037290937942292,0.3119312347310952,0.2817129453538624,ZZII,-2.473824012683348,1.5496534243535454,2.877702683861753,0.989551141932222,-2.666336896245173,2.770652504055203,-2.784735521717544,-1.8684628723089636,1.5811636997195064,-2.923570188914891,-1.0761097937409834,-0.0109520401315443,0.34154246474134914
0.9956441140961324,0.9864087201347838,0.9850580360491312,IIII,-2.473824012683348,1.5496534243535454,2.877702683861753,0.989551141932222,-2.666336896245173,2.770652504055203,-2.784735521717544,-1.8684628723089636,1.5811636997195064,-2.923570188914891,-1.0761097937409834,-0.0109520401315443,0.9311863028140919
0.2052522876314117,0.2209596116689658,0.2275410977667269,IIIZ,-2.473824012683348,1.5496534243535454,2.877702683861753,0.989551141932222,-2.666336896245173,2.770652504055203,-2.784735521717544,-1.8684628723089636,1.5811636997195064,-2.923570188914891,-1.0761097937409834,-0.0109520401315443,0.22477271168156046
0.0294438009885395,0.0274176494809971,0.0419015142456815,IIZZ,-2.473824012683348,1.5496534243535454,2.877702683861753,0.989551141932222,-2.666336896245173,2.770652504055203,-2.784735521717544,-1.8684628723089636,1.5811636997195064,-2.923570188914891,-1.0761097937409834,-0.0109520401315443,0.037393142075210765
0.0626805215437228,0.0473136375985173,0.0639103211012648,IZII,-2.473824012683348,1.5496534243535454,2.877702683861753,0.989551141932222,-2.666336896245173,2.770652504055203,-2.784735521717544,-1.8684628723089636,1.5811636997195064,-2.923570188914891,-1.0761097937409834,-0.0109520401315443,0.07562986247221055
-0.8467832385749882,-0.9089657565243636,-0.8906592789055089,IIZI,-0.432872951709244,1.37602239997692,-3.014035170698085,-1.2861688421050803,-3.070527345078956,0.2095477679494495,0.4460091978136851,2.1742877901194677,-2.6109965554458707,-1.102101265323734,1.3611412017591291,1.8672278071356665,-0.8967238784589661
-0.1372945109731452,-0.171626505595337,-0.1504860522436776,IZIZ,0.0808250240059873,-2.311171255480525,1.893183931729146,0.8699918364906569,-1.9686620077326824,2.155783900006133,-1.0450622702683685,1.6786436333192576,2.648472805823003,0.0517043179222449,1.0113399470061468,0.9047169696632968,-0.1466061555713301
-0.5165935506022645,-0.5507769355967548,-0.5327293036962698,ZIIZ,-0.432872951709244,1.37602239997692,-3.014035170698085,-1.2861688421050803,-3.070527345078956,0.2095477679494495,0.4460091978136851,2.1742877901194677,-2.6109965554458707,-1.102101265323734,1.3611412017591291,1.8672278071356665,-0.5584304095864577
-0.6568529063990596,-0.7002734135027857,-0.6923570541143361,ZIII,-0.432872951709244,1.37602239997692,-3.014035170698085,-1.2861688421050803,-3.070527345078956,0.2095477679494495,0.4460091978136851,2.1742877901194677,-2.6109965554458707,-1.102101265323734,1.3611412017591291,1.8672278071356665,-0.7384956572933781
0.0408751676684053,0.0445905541937564,0.0469887322231557,YYYY,-0.432872951709244,1.37602239997692,-3.014035170698085,-1.2861688421050803,-3.070527345078956,0.2095477679494495,0.4460091978136851,2.1742877901194677,-2.6109965554458707,-1.102101265323734,1.3611412017591291,1.8672278071356665,0.0494416733322923
0.0447519303763387,0.056162806611587,0.0455803557608186,XXYY,-0.432872951709244,1.37602239997692,-3.014035170698085,-1.2861688421050803,-3.070527345078956,0.2095477679494495,0.4460091978136851,2.1742877901194677,-2.6109965554458707,-1.102101265323734,1.3611412017591291,1.8672278071356665,0.049649792816635896
0.0503361953864309,0.0242218141119507,0.0498969109404523,XXXX,-0.432872951709244,1.37602239997692,-3.014035170698085,-1.2861688421050803,-3.070527345078956,0.2095477679494495,0.4460091978136851,2.1742877901194677,-2.6109965554458707,-1.102101265323734,1.3611412017591291,1.8672278071356665,0.056409544772003196
0.1200182629334054,0.1519834022161601,0.1610779763874834,YYXX,-0.432872951709244,1.37602239997692,-3.014035170698085,-1.2861688421050803,-3.070527345078956,0.2095477679494495,0.4460091978136851,2.1742877901194677,-2.6109965554458707,-1.102101265323734,1.3611412017591291,1.8672278071356665,0.14351831830553707
-0.2730162134295196,-0.318870381954482,-0.2547044922296441,ZIZI,-2.473824012683348,1.5496534243535454,2.877702683861753,0.989551141932222,-2.666336896245173,2.770652504055203,-2.784735521717544,-1.8684628723089636,1.5811636997195064,-2.923570188914891,-1.0761097937409834,-0.0109520401315443,-0.28828895454200615
-0.6017833308342431,-0.6688195135015316,-0.6524025664310807,IZZI,0.1920305027247804,-2.610992024765539,1.7550529556983303,-1.8609816755545212,1.877319927923048,-2.20535010081492,2.316156145054672,0.6796690923514226,0.7121011025739885,-2.4723196378050223,-1.2870682369278057,-0.5304700775494462,-0.663091494652416
0.5223032106438842,0.5617623688702348,0.5389443559274456,ZZII,0.1920305027247804,-2.610992024765539,1.7550529556983303,-1.8609816755545212,1.877319927923048,-2.20535010081492,2.316156145054672,0.6796690923514226,0.7121011025739885,-2.4723196378050223,-1.2870682369278057,-0.5304700775494462,0.573537912539645
-0.7673818370020136,-0.7755634460663257,-0.7868593153389896,IIIZ,0.1920305027247804,-2.610992024765539,1.7550529556983303,-1.8609816755545212,1.877319927923048,-2.20535010081492,2.316156145054672,0.6796690923514226,0.7121011025739885,-2.4723196378050223,-1.2870682369278057,-0.5304700775494462,-0.8764081814781451
0.9933989964494364,1.0005988770636085,1.0016150488079982,IIII,0.1920305027247804,-2.610992024765539,1.7550529556983303,-1.8609816755545212,1.877319927923048,-2.20535010081492,2.316156145054672,0.6796690923514226,0.7121011025739885,-2.4723196378050223,-1.2870682369278057,-0.5304700775494462,0.929377833223059
-0.1440981751148873,-0.1671166508507201,-0.1870071028311104,ZIII,-2.316429319207425,1.8410406126859675,2.1498840683043605,1.766023369147029,-2.580573433291052,-2.882996804912866,0.7340113915264737,-1.4926185895480206,2.822889670925809,2.910705680968356,-2.135271382179069,2.499193020687061,-0.16359036027920876
0.5707848834968001,0.6000021674921866,0.6150942260827859,IIZI,0.1920305027247804,-2.610992024765539,1.7550529556983303,-1.8609816755545212,1.877319927923048,-2.20535010081492,2.316156145054672,0.6796690923514226,0.7121011025739885,-2.4723196378050223,-1.2870682369278057,-0.5304700775494462,0.6235274103940057
0.1614727765391557,0.2152563866152405,0.2227404919716221,ZIIZ,-2.316429319207425,1.8410406126859675,2.1498840683043605,1.766023369147029,-2.580573433291052,-2.882996804912866,0.7340113915264737,-1.4926185895480206,2.822889670925809,2.910705680968356,-2.135271382179069,2.499193020687061,0.18055171951270066
0.0510037799754932,0.0567004370177095,0.059595645645734,YYYY,-2.316429319207425,1.8410406126859675,2.1498840683043605,1.766023369147029,-2.580573433291052,-2.882996804912866,0.7340113915264737,-1.4926185895480206,2.822889670925809,2.910705680968356,-2.135271382179069,2.499193020687061,0.06725602121654164
0.1644234045049653,0.1918209921077465,0.1881993754667726,XXYY,-2.316429319207425,1.8410406126859675,2.1498840683043605,1.766023369147029,-2.580573433291052,-2.882996804912866,0.7340113915264737,-1.4926185895480206,2.822889670925809,2.910705680968356,-2.135271382179069,2.499193020687061,0.18087842795272113
-0.4676241460887678,-0.5155646071141397,-0.5189679023221545,IIZZ,0.1920305027247804,-2.610992024765539,1.7550529556983303,-1.8609816755545212,1.877319927923048,-2.20535010081492,2.316156145054672,0.6796690923514226,0.7121011025739885,-2.4723196378050223,-1.2870682369278057,-0.5304700775494462,-0.5128855479890881
0.1707009230896445,0.1745911878800407,0.1866045970719172,IZIZ,-0.432872951709244,1.37602239997692,-3.014035170698085,-1.2861688421050803,-3.070527345078956,0.2095477679494495,0.4460091978136851,2.1742877901194677,-2.6109965554458707,-1.102101265323734,1.3611412017591291,1.8672278071356665,0.1830288011910742
-0.6697971692588699,-0.7377478427969066,-0.7233954978767876,IZII,0.1920305027247804,-2.610992024765539,1.7550529556983303,-1.8609816755545212,1.877319927923048,-2.20535010081492,2.316156145054672,0.6796690923514226,0.7121011025739885,-2.4723196378050223,-1.2870682369278057,-0.5304700775494462,-0.7478652339062419
0.1664586560581945,0.1473917119832444,0.2100420995560807,XXXX,-2.316429319207425,1.8410406126859675,2.1498840683043605,1.766023369147029,-2.580573433291052,-2.882996804912866,0.7340113915264737,-1.4926185895480206,2.822889670925809,2.910705680968356,-2.135271382179069,2.499193020687061,0.1805544144912406
0.0021062804305489,-0.0016696767681725,-0.0067768740079383,YYXX,-0.3066988998327309,0.0581585565635642,1.9075766467633324,1.657876242977629,-2.8641101295127886,-0.6396254263410945,-2.106909952896875,0.9162231560450272,0.5653681363374043,-0.8245659826957104,-1.653178159676315,-2.9106945609139765,-0.0008185259826615252
0.9996290303195922,0.9993190243449228,1.024265696312936,IIII,-2.316429319207425,1.8410406126859675,2.1498840683043605,1.766023369147029,-2.580573433291052,-2.882996804912866,0.7340113915264737,-1.4926185895480206,2.822889670925809,2.910705680968356,-2.135271382179069,2.499193020687061,0.9316737851246489
0.2960633640084873,0.3228169834510904,0.3317489569499887,IIZI,-2.316429319207425,1.8410406126859675,2.1498840683043605,1.766023369147029,-2.580573433291052,-2.882996804912866,0.7340113915264737,-1.4926185895480206,2.822889670925809,2.910705680968356,-2.135271382179069,2.499193020687061,0.32834253507601724
-0.3175913718317623,-0.3129184877565547,-0.3253186465958886,IZII,-2.025069628905228,-0.9392534772170912,1.192699377554396,-2.113038597336141,-2.3840151822845037,-2.370159000095179,-1.8270097735285629,-1.9725669141200235,0.2917435239992487,-2.215399544967837,3.121599405903749,1.035129194676232,-0.3558706180698622
-0.2361324749440763,-0.2551845858861384,-0.230693657712581,IZZI,-0.3066988998327309,0.0581585565635642,1.9075766467633324,1.657876242977629,-2.8641101295127886,-0.6396254263410945,-2.106909952896875,0.9162231560450272,0.5653681363374043,-0.8245659826957104,-1.653178159676315,-2.9106945609139765,-0.2560701877933586
0.3993652061981459,0.4450984380799778,0.4436509355854764,ZIZI,-0.3066988998327309,0.0581585565635642,1.9075766467633324,1.657876242977629,-2.8641101295127886,-0.6396254263410945,-2.106909952896875,0.9162231560450272,0.5653681363374043,-0.8245659826957104,-1.653178159676315,-2.9106945609139765,0.43205225729595986
-0.1652760674231731,-0.1667384685763489,-0.1447747964993918,ZZII,-0.3066988998327309,0.0581585565635642,1.9075766467633324,1.657876242977629,-2.8641101295127886,-0.6396254263410945,-2.106909952896875,0.9162231560450272,0.5653681363374043,-0.8245659826957104,-1.653178159676315,-2.9106945609139765,-0.17984677992092174
-0.7402967995090294,-0.7758415411183,-0.7544022635708688,IIIZ,0.1920305027247804,-2.610992024765539,1.7550529556983303,-1.8609816755545212,1.877319927923048,-2.20535010081492,2.316156145054672,0.6796690923514226,0.7121011025739885,-2.4723196378050223,-1.2870682369278057,-0.5304700775494462,-0.8133880027815852
0.4708173562512467,0.5048031533859937,0.4928856837435752,IIZZ,-0.3066988998327309,0.0581585565635642,1.9075766467633324,1.657876242977629,-2.8641101295127886,-0.6396254263410945,-2.106909952896875,0.9162231560450272,0.5653681363374043,-0.8245659826957104,-1.653178159676315,-2.9106945609139765,0.5312287411405503
0.0838287633792704,0.0781741905085432,0.1062855737981378,ZIIZ,-2.541550905672131,-0.2743712559728006,-0.0961967595295099,1.775085209435482,2.312035475299764,-2.197047178539778,-2.6155160120994574,-0.7687566482513626,-1.0195452740037356,-2.500543299248056,0.5920094297690723,0.6672992844399861,0.09539187598635751
0.0404822638959793,0.011412478533602,0.0211011357398143,IZIZ,-0.3066988998327309,0.0581585565635642,1.9075766467633324,1.657876242977629,-2.8641101295127886,-0.6396254263410945,-2.106909952896875,0.9162231560450272,0.5653681363374043,-0.8245659826957104,-1.653178159676315,-2.9106945609139765,0.05112104563410802
-0.3884500213996422,-0.4205474130910661,-0.4267795891842433,YYYY,-2.025069628905228,-0.9392534772170912,1.192699377554396,-2.113038597336141,-2.3840151822845037,-2.370159000095179,-1.8270097735285629,-1.9725669141200235,0.2917435239992487,-2.215399544967837,3.121599405903749,1.035129194676232,-0.4349272203767051
-0.4039967370331944,-0.4493258306748468,-0.4367975322051809,ZIII,-0.3066988998327309,0.0581585565635642,1.9075766467633324,1.657876242977629,-2.8641101295127886,-0.6396254263410945,-2.106909952896875,0.9162231560450272,0.5653681363374043,-0.8245659826957104,-1.653178159676315,-2.9106945609139765,-0.4506210906938905
0.252520101754374,0.2859289008872618,0.2807240397036113,XXYY,-2.025069628905228,-0.9392534772170912,1.192699377554396,-2.113038597336141,-2.3840151822845037,-2.370159000095179,-1.8270097735285629,-1.9725669141200235,0.2917435239992487,-2.215399544967837,3.121599405903749,1.035129194676232,0.27341374791538625
0.1683078395547958,0.1820566449754257,0.1731045480672602,XXXX,-2.316429319207425,1.8410406126859675,2.1498840683043605,1.766023369147029,-2.580573433291052,-2.882996804912866,0.7340113915264737,-1.4926185895480206,2.822889670925809,2.910705680968356,-2.135271382179069,2.499193020687061,0.18046978969773114
0.0967100083981719,0.1243468931864663,0.1222675108879407,YYXX,-2.025069628905228,-0.9392534772170912,1.192699377554396,-2.113038597336141,-2.3840151822845037,-2.370159000095179,-1.8270097735285629,-1.9725669141200235,0.2917435239992487,-2.215399544967837,3.121599405903749,1.035129194676232,0.10625311051096407
-0.6316876144791727,-0.6760295382992064,-0.6521242695858522,IZZI,-2.025069628905228,-0.9392534772170912,1.192699377554396,-2.113038597336141,-2.3840151822845037,-2.370159000095179,-1.8270097735285629,-1.9725669141200235,0.2917435239992487,-2.215399544967837,3.121599405903749,1.035129194676232,-0.6876355036335992
0.5234107415714438,0.5580570620758036,0.5871585016716672,ZZII,-2.025069628905228,-0.9392534772170912,1.192699377554396,-2.113038597336141,-2.3840151822845037,-2.370159000095179,-1.8270097735285629,-1.9725669141200235,0.2917435239992487,-2.215399544967837,3.121599405903749,1.035129194676232,0.5647916704234069
1.001076987519176,0.9834595026370186,1.007488713372268,IIII,-2.541550905672131,-0.2743712559728006,-0.0961967595295099,1.775085209435482,2.312035475299764,-2.197047178539778,-2.6155160120994574,-0.7687566482513626,-1.0195452740037356,-2.500543299248056,0.5920094297690723,0.6672992844399861,0.9347915800158502
0.7635948358921336,0.7872050544767175,0.777166498971874,IIIZ,-2.025069628905228,-0.9392534772170912,1.192699377554396,-2.113038597336141,-2.3840151822845037,-2.370159000095179,-1.8270097735285629,-1.9725669141200235,0.2917435239992487,-2.215399544967837,3.121599405903749,1.035129194676232,0.8388427484313921
-0.1042851317470411,-0.0999264711805999,-0.073413805022985,IIZI,-2.541550905672131,-0.2743712559728006,-0.0961967595295099,1.775085209435482,2.312035475299764,-2.197047178539778,-2.6155160120994574,-0.7687566482513626,-1.0195452740037356,-2.500543299248056,0.5920094297690723,0.6672992844399861,-0.11001225306936796
0.1224586439586249,0.1007835271730146,0.0966143031314323,IZII,-2.541550905672131,-0.2743712559728006,-0.0961967595295099,1.775085209435482,2.312035475299764,-2.197047178539778,-2.6155160120994574,-0.7687566482513626,-1.0195452740037356,-2.500543299248056,0.5920094297690723,0.6672992844399861,0.1354330076280015
-0.086793031117856,-0.0890768750735964,-0.0799350701831043,IZIZ,-2.541550905672131,-0.2743712559728006,-0.0961967595295099,1.775085209435482,2.312035475299764,-2.197047178539778,-2.6155160120994574,-0.7687566482513626,-1.0195452740037356,-2.500543299248056,0.5920094297690723,0.6672992844399861,-0.0954862840249295
-0.1235187071809827,-0.1292259628339314,-0.1429183566529993,ZIZI,1.9379311152921748,-1.2745781282931434,0.3486785541105188,0.7242258380414897,-1.8805084308319389,1.778887502776039,1.2080470583303322,1.054709157935907,-0.2133882475576416,2.331512432911712,1.1834754653523047,-1.1507516453730586,-0.13837246550412988
-0.1512470798746063,-0.171842020879931,-0.1437875873062574,ZIII,-2.541550905672131,-0.2743712559728006,-0.0961967595295099,1.775085209435482,2.312035475299764,-2.197047178539778,-2.6155160120994574,-0.7687566482513626,-1.0195452740037356,-2.500543299248056,0.5920094297690723,0.6672992844399861,-0.15969442730798256
-0.3308165940709878,-0.3705405341987282,-0.368299226788928,YYYY,-2.541550905672131,-0.2743712559728006,-0.0961967595295099,1.775085209435482,2.312035475299764,-2.197047178539778,-2.6155160120994574,-0.7687566482513626,-1.0195452740037356,-2.500543299248056,0.5920094297690723,0.6672992844399861,-0.37114534170257
0.467545430300274,0.5122624368976364,0.4860107023263222,IIZZ,-0.3066988998327309,0.0581585565635642,1.9075766467633324,1.657876242977629,-2.8641101295127886,-0.6396254263410945,-2.106909952896875,0.9162231560450272,0.5653681363374043,-0.8245659826957104,-1.653178159676315,-2.9106945609139765,0.5294617296464477
0.1026463275091829,0.1505642686617591,0.1345878339172947,ZIIZ,1.9379311152921748,-1.2745781282931434,0.3486785541105188,0.7242258380414897,-1.8805084308319389,1.778887502776039,1.2080470583303322,1.054709157935907,-0.2133882475576416,2.331512432911712,1.1834754653523047,-1.1507516453730586,0.111988179796433
-0.1220169644901598,-0.1014681155918908,-0.1401365450014473,IZZI,0.6153338014674885,1.5461227720363508,-2.5972869866816493,1.9919959672427543,-2.0878669908847165,-1.7192818985253129,-2.892083206095641,-2.4814023291441534,-0.9087265730370048,-0.4941443529756153,1.7398729543653664,2.358201415188499,-0.14118633125601668
-0.2095030976252145,-0.2496771063022559,-0.2320778533611475,YYXX,1.9379311152921748,-1.2745781282931434,0.3486785541105188,0.7242258380414897,-1.8805084308319389,1.778887502776039,1.2080470583303322,1.054709157935907,-0.2133882475576416,2.331512432911712,1.1834754653523047,-1.1507516453730586,-0.22829940865102913
-0.0726738735611116,-0.0891626823685071,-0.0475996188135042,XXYY,1.9379311152921748,-1.2745781282931434,0.3486785541105188,0.7242258380414897,-1.8805084308319389,1.778887502776039,1.2080470583303322,1.054709157935907,-0.2133882475576416,2.331512432911712,1.1834754653523047,-1.1507516453730586,-0.0824044805401327
0.0349892715101699,0.006191005532529,0.0047124870956467,IIIZ,0.6153338014674885,1.5461227720363508,-2.5972869866816493,1.9919959672427543,-2.0878669908847165,-1.7192818985253129,-2.892083206095641,-2.4814023291441534,-0.9087265730370048,-0.4941443529756153,1.7398729543653664,2.358201415188499,0.02778349001085125
1.002140475042505,0.9968599397163416,0.9595452794555804,IIII,-2.025069628905228,-0.9392534772170912,1.192699377554396,-2.113038597336141,-2.3840151822845037,-2.370159000095179,-1.8270097735285629,-1.9725669141200235,0.2917435239992487,-2.215399544967837,3.121599405903749,1.035129194676232,0.9392886503615281
0.0436015234148435,0.0591409910011105,0.0704853920167005,XXXX,1.9379311152921748,-1.2745781282931434,0.3486785541105188,0.7242258380414897,-1.8805084308319389,1.778887502776039,1.2080470583303322,1.054709157935907,-0.2133882475576416,2.331512432911712,1.1834754653523047,-1.1507516453730586,0.045266874187578195
-0.4238981718991529,-0.4570906463830024,-0.4617511582326618,IIZZ,0.6153338014674885,1.5461227720363508,-2.5972869866816493,1.9919959672427543,-2.0878669908847165,-1.7192818985253129,-2.892083206095641,-2.4814023291441534,-0.9087265730370048,-0.4941443529756153,1.7398729543653664,2.358201415188499,-0.4561493468428031
-0.1368019021159448,-0.1428324998282011,-0.1349528719119922,ZIZI,1.9379311152921748,-1.2745781282931434,0.3486785541105188,0.7242258380414897,-1.8805084308319389,1.778887502776039,1.2080470583303322,1.054709157935907,-0.2133882475576416,2.331512432911712,1.1834754653523047,-1.1507516453730586,-0.1463873676949669
0.4129103985897958,0.449999382310519,0.4373716472852442,IZII,0.6153338014674885,1.5461227720363508,-2.5972869866816493,1.9919959672427543,-2.0878669908847165,-1.7192818985253129,-2.892083206095641,-2.4814023291441534,-0.9087265730370048,-0.4941443529756153,1.7398729543653664,2.358201415188499,0.44608510731134265
-0.1600212699449461,-0.1631124897597856,-0.1602930208670025,ZIII,-2.541550905672131,-0.2743712559728006,-0.0961967595295099,1.775085209435482,2.312035475299764,-2.197047178539778,-2.6155160120994574,-0.7687566482513626,-1.0195452740037356,-2.500543299248056,0.5920094297690723,0.6672992844399861,-0.17724210424434442
0.1750449184181872,0.2461177020768702,0.2179627167158769,ZZII,1.9379311152921748,-1.2745781282931434,0.3486785541105188,0.7242258380414897,-1.8805084308319389,1.778887502776039,1.2080470583303322,1.054709157935907,-0.2133882475576416,2.331512432911712,1.1834754653523047,-1.1507516453730586,0.19361079130531028
0.0163657602684112,0.0451314298589382,0.0281471480617847,ZIIZ,0.6153338014674885,1.5461227720363508,-2.5972869866816493,1.9919959672427543,-2.0878669908847165,-1.7192818985253129,-2.892083206095641,-2.4814023291441534,-0.9087265730370048,-0.4941443529756153,1.7398729543653664,2.358201415188499,0.014508567071321697
-0.4007612803625844,-0.4544499621879269,-0.4803323046447681,XXYY,0.6153338014674885,1.5461227720363508,-2.5972869866816493,1.9919959672427543,-2.0878669908847165,-1.7192818985253129,-2.892083206095641,-2.4814023291441534,-0.9087265730370048,-0.4941443529756153,1.7398729543653664,2.358201415188499,-0.4470810360621424
-0.1466966078640288,-0.1823648548294881,-0.1714675801253612,IZIZ,-0.160623362536334,1.9912954258656352,-0.8696514729048519,-1.2827223948260016,-0.4851897866747174,2.5261528955965176,-1.3965797028781806,-1.810351948732184,1.9091944661439788,0.5487765136008558,-0.3844905906505698,1.7794404481426191,-0.1592581366132704
0.6440661215374149,0.6462006719509145,0.6707045125250551,IIZI,-0.160623362536334,1.9912954258656352,-0.8696514729048519,-1.2827223948260016,-0.4851897866747174,2.5261528955965176,-1.3965797028781806,-1.810351948732184,1.9091944661439788,0.5487765136008558,-0.3844905906505698,1.7794404481426191,0.7226705778638235
-0.1224472830846293,-0.12974317104038,-0.1300033643435207,IZZI,0.6153338014674885,1.5461227720363508,-2.5972869866816493,1.9919959672427543,-2.0878669908847165,-1.7192818985253129,-2.892083206095641,-2.4814023291441534,-0.9087265730370048,-0.4941443529756153,1.7398729543653664,2.358201415188499,-0.14118633125601668
0.306266798668748,0.3525369923484593,0.3575951090742336,YYYY,-0.160623362536334,1.9912954258656352,-0.8696514729048519,-1.2827223948260016,-0.4851897866747174,2.5261528955965176,-1.3965797028781806,-1.810351948732184,1.9091944661439788,0.5487765136008558,-0.3844905906505698,1.7794404481426191,0.3428198629838696
0.5693192067414983,0.6205754111051048,0.6058576018778553,YYXX,-0.160623362536334,1.9912954258656352,-0.8696514729048519,-1.2827223948260016,-0.4851897866747174,2.5261528955965176,-1.3965797028781806,-1.810351948732184,1.9091944661439788,0.5487765136008558,-0.3844905906505698,1.7794404481426191,0.6164858162697253
0.0494091232638615,0.0598390857409985,0.0762998355168951,XXXX,1.9379311152921748,-1.2745781282931434,0.3486785541105188,0.7242258380414897,-1.8805084308319389,1.778887502776039,1.2080470583303322,1.054709157935907,-0.2133882475576416,2.331512432911712,1.1834754653523047,-1.1507516453730586,0.04957356280116241
0.9945176140270556,1.0036029586739863,1.0050100305333347,IIII,1.3580736865841798,0.4098423136910245,1.2179952754390193,2.371574036236992,-1.2486924593194952,-1.829966792029586,2.5340495825850446,-1.778381205330955,-0.3687829339930175,-2.7505433477216785,-1.5013241645881843,-1.1961210826704165,0.9311396501911139
0.0050424401947377,-0.0249092736336637,-0.0305296244883083,ZIZI,-0.160623362536334,1.9912954258656352,-0.8696514729048519,-1.2827223948260016,-0.4851897866747174,2.5261528955965176,-1.3965797028781806,-1.810351948732184,1.9091944661439788,0.5487765136008558,-0.3844905906505698,1.7794404481426191,0.00428722964646262
-0.0339126944590296,-0.0339965332551016,-0.0224476131704361,ZZII,-0.160623362536334,1.9912954258656352,-0.8696514729048519,-1.2827223948260016,-0.4851897866747174,2.5261528955965176,-1.3965797028781806,-1.810351948732184,1.9091944661439788,0.5487765136008558,-0.3844905906505698,1.7794404481426191,-0.030470928988469016
0.6773947684246822,0.690994323166211,0.7238418527045177,IIIZ,1.3580736865841798,0.4098423136910245,1.2179952754390193,2.371574036236992,-1.2486924593194952,-1.829966792029586,2.5340495825850446,-1.778381205330955,-0.3687829339930175,-2.7505433477216785,-1.5013241645881843,-1.1961210826704165,0.7437809726877479
0.0378276879529171,0.0405733166081477,0.0215077896545499,IZIZ,0.6153338014674885,1.5461227720363508,-2.5972869866816493,1.9919959672427543,-2.0878669908847165,-1.7192818985253129,-2.892083206095641,-2.4814023291441534,-0.9087265730370048,-0.4941443529756153,1.7398729543653664,2.358201415188499,0.03611821379298954
0.0163948265564305,0.0010926583004588,0.0026944086807506,ZIII,0.5454240285048746,2.2955933709348058,-0.1656154220556236,0.3284568960269327,1.8013079400147944,-3.046306116491809,1.9900950988928048,2.4513443458529283,-1.3557242428924408,2.9941894173022696,1.471612992968562,0.0241957922208855,0.022165467435033483
0.6316975452102671,0.6554558559897723,0.6651324920228001,IIZI,-0.160623362536334,1.9912954258656352,-0.8696514729048519,-1.2827223948260016,-0.4851897866747174,2.5261528955965176,-1.3965797028781806,-1.810351948732184,1.9091944661439788,0.5487765136008558,-0.3844905906505698,1.7794404481426191,0.7127152397080377
-0.0522579286157914,-0.0379450004472671,-0.0463468233087423,XXYY,0.5454240285048746,2.2955933709348058,-0.1656154220556236,0.3284568960269327,1.8013079400147944,-3.046306116491809,1.9900950988928048,2.4513443458529283,-1.3557242428924408,2.9941894173022696,1.471612992968562,0.0241957922208855,-0.055505495089350904
-0.4872951934291135,-0.4919109450726052,-0.4855585300273047,IIZZ,1.3580736865841798,0.4098423136910245,1.2179952754390193,2.371574036236992,-1.2486924593194952,-1.829966792029586,2.5340495825850446,-1.778381205330955,-0.3687829339930175,-2.7505433477216785,-1.5013241645881843,-1.1961210826704165,-0.5285251177371527
0.4988035177180663,0.5295807801247816,0.5202311966000264,IZII,1.3580736865841798,0.4098423136910245,1.2179952754390193,2.371574036236992,-1.2486924593194952,-1.829966792029586,2.5340495825850446,-1.778381205330955,-0.3687829339930175,-2.7505433477216785,-1.5013241645881843,-1.1961210826704165,0.5370244945636865
-0.1496143496641676,-0.1707755059173887,-0.1764849185160346,ZIIZ,1.3580736865841798,0.4098423136910245,1.2179952754390193,2.371574036236992,-1.2486924593194952,-1.829966792029586,2.5340495825850446,-1.778381205330955,-0.3687829339930175,-2.7505433477216785,-1.5013241645881843,-1.1961210826704165,-0.1644096609140864
0.2589356229785588,0.2993459250304159,0.2734334186928662,YYYY,1.3580736865841798,0.4098423136910245,1.2179952754390193,2.371574036236992,-1.2486924593194952,-1.829966792029586,2.5340495825850446,-1.778381205330955,-0.3687829339930175,-2.7505433477216785,-1.5013241645881843,-1.1961210826704165,0.2814068963531791
0.0524764428279075,0.050378279720732,0.0144206042528238,ZZII,0.5454240285048746,2.2955933709348058,-0.1656154220556236,0.3284568960269327,1.8013079400147944,-3.046306116491809,1.9900950988928048,2.4513443458529283,-1.3557242428924408,2.9941894173022696,1.471612992968562,0.0241957922208855,0.05619753996228808
1.0041057496824668,0.9827220880526976,1.0286630107667727,IIII,0.5454240285048746,2.2955933709348058,-0.1656154220556236,0.3284568960269327,1.8013079400147944,-3.046306116491809,1.9900950988928048,2.4513443458529283,-1.3557242428924408,2.9941894173022696,1.471612992968562,0.0241957922208855,0.9321790455063845
0.5816796258008553,0.6292739589022991,0.6139771360865274,YYXX,-0.160623362536334,1.9912954258656352,-0.8696514729048519,-1.2827223948260016,-0.4851897866747174,2.5261528955965176,-1.3965797028781806,-1.810351948732184,1.9091944661439788,0.5487765136008558,-0.3844905906505698,1.7794404481426191,0.6359524026813524
-0.0639212780891535,-0.039321686401142,-0.0570963988743133,XXXX,-0.0590271147360241,-0.2907016231382893,-1.2081812991337562,-0.6788763020233755,-2.759800473588852,-2.8869983484347355,1.012269060078986,-0.9083128841989704,2.537131592168712,-0.5678309705864053,1.2701589674429892,-2.5619385498624525,-0.0672257065734373
0.0113955630778405,0.0046290515645998,0.0493216139258451,IIIZ,0.5454240285048746,2.2955933709348058,-0.1656154220556236,0.3284568960269327,1.8013079400147944,-3.046306116491809,1.9900950988928048,2.4513443458529283,-1.3557242428924408,2.9941894173022696,1.471612992968562,0.0241957922208855,0.02159490660056895
-0.4357637704344583,-0.4756749421015868,-0.5036532909813074,IZZI,1.3580736865841798,0.4098423136910245,1.2179952754390193,2.371574036236992,-1.2486924593194952,-1.829966792029586,2.5340495825850446,-1.778381205330955,-0.3687829339930175,-2.7505433477216785,-1.5013241645881843,-1.1961210826704165,-0.47214804213532985
0.1263012686187572,0.139248281945368,0.1461846216304196,IIZI,0.5454240285048746,2.2955933709348058,-0.1656154220556236,0.3284568960269327,1.8013079400147944,-3.046306116491809,1.9900950988928048,2.4513443458529283,-1.3557242428924408,2.9941894173022696,1.471612992968562,0.0241957922208855,0.14835692068610917
-0.634736493014407,-0.6936712649982026,-0.6827914690908186,ZIZI,-0.0590271147360241,-0.2907016231382893,-1.2081812991337562,-0.6788763020233755,-2.759800473588852,-2.8869983484347355,1.012269060078986,-0.9083128841989704,2.537131592168712,-0.5678309705864053,1.2701589674429892,-2.5619385498624525,-0.6889832005366824
0.6308882583584607,0.6948209897752077,0.6782235967946227,ZIII,2.7552980313598194,-0.2881939628418459,-0.7806343635683812,-2.615299330970008,-1.8156691186430287,-1.1092217780235472,-1.818679500702984,-0.569015506784714,-0.4614213523367669,-0.2609704015620839,0.6463898877153,1.0483767122018175,0.7134603838628059
0.3609288583249396,0.4151599286720708,0.4050086183003779,YYYY,0.5454240285048746,2.2955933709348058,-0.1656154220556236,0.3284568960269327,1.8013079400147944,-3.046306116491809,1.9900950988928048,2.4513443458529283,-1.3557242428924408,2.9941894173022696,1.471612992968562,0.0241957922208855,0.3986341021695786
0.7849052461078334,0.8367451558969354,0.8236941468167529,IZII,-0.0590271147360241,-0.2907016231382893,-1.2081812991337562,-0.6788763020233755,-2.759800473588852,-2.8869983484347355,1.012269060078986,-0.9083128841989704,2.537131592168712,-0.5678309705864053,1.2701589674429892,-2.5619385498624525,0.8851272724535175
0.5294826721602477,0.5479759289845624,0.5220391313129513,IIZZ,-0.0590271147360241,-0.2907016231382893,-1.2081812991337562,-0.6788763020233755,-2.759800473588852,-2.8869983484347355,1.012269060078986,-0.9083128841989704,2.537131592168712,-0.5678309705864053,1.2701589674429892,-2.5619385498624525,0.5682109299516174
0.3387662976571902,0.3640435944733414,0.330102082514539,IZIZ,1.3580736865841798,0.4098423136910245,1.2179952754390193,2.371574036236992,-1.2486924593194952,-1.829966792029586,2.5340495825850446,-1.778381205330955,-0.3687829339930175,-2.7505433477216785,-1.5013241645881843,-1.1961210826704165,0.3671207247885668
-0.1952032691619873,-0.2302916883574009,-0.2470385640949186,YYXX,2.7552980313598194,-0.2881939628418459,-0.7806343635683812,-2.615299330970008,-1.8156691186430287,-1.1092217780235472,-1.818679500702984,-0.569015506784714,-0.4614213523367669,-0.2609704015620839,0.6463898877153,1.0483767122018175,-0.21372334162278658
-0.5738662806084661,-0.6345050174849376,-0.6419996208559631,ZIIZ,-0.0590271147360241,-0.2907016231382893,-1.2081812991337562,-0.6788763020233755,-2.759800473588852,-2.8869983484347355,1.012269060078986,-0.9083128841989704,2.537131592168712,-0.5678309705864053,1.2701589674429892,-2.5619385498624525,-0.6398918661517446
0.0451980506088207,0.0707955255880409,0.0638962864892107,XXYY,-0.0590271147360241,-0.2907016231382893,-1.2081812991337562,-0.6788763020233755,-2.759800473588852,-2.8869983484347355,1.012269060078986,-0.9083128841989704,2.537131592168712,-0.5678309705864053,1.2701589674429892,-2.5619385498624525,0.050270091331896714
0.1983113712774689,0.2257684070471609,0.2251295597331527,ZZII,2.7552980313598194,-0.2881939628418459,-0.7806343635683812,-2.615299330970008,-1.8156691186430287,-1.1092217780235472,-1.818679500702984,-0.569015506784714,-0.4614213523367669,-0.2609704015620839,0.6463898877153,1.0483767122018175,0.2094412075427477
-0.0818090688847632,-0.0893951224706152,-0.0903604215955681,ZIZI,2.7552980313598194,-0.2881939628418459,-0.7806343635683812,-2.615299330970008,-1.8156691186430287,-1.1092217780235472,-1.818679500702984,-0.569015506784714,-0.4614213523367669,-0.2609704015620839,0.6463898877153,1.0483767122018175,-0.08767192535517843
0.9970516071383472,1.001659620980229,1.0066096859034288,IIII,0.5454240285048746,2.2955933709348058,-0.1656154220556236,0.3284568960269327,1.8013079400147944,-3.046306116491809,1.9900950988928048,2.4513443458529283,-1.3557242428924408,2.9941894173022696,1.471612992968562,0.0241957922208855,0.9321790455063845
0.2461469811908838,0.2616896818999057,0.2787682706049192,XXXX,1.915569418092339,-0.8940621287971506,-2.656738232445269,-1.1302861510636948,2.3621131127532644,2.6737086524081404,0.2188618557798958,-2.814234552183821,-1.204610366011455,0.2704774861442369,0.0240458335561486,1.249566821230042,0.27770772406960853
-0.1362344763811787,-0.1502866231007194,-0.1732001750072402,IIZI,2.7552980313598194,-0.2881939628418459,-0.7806343635683812,-2.615299330970008,-1.8156691186430287,-1.1092217780235472,-1.818679500702984,-0.569015506784714,-0.4614213523367669,-0.2609704015620839,0.6463898877153,1.0483767122018175,-0.1456677055364973
0.3643679257402857,0.3979099307275984,0.4095250440541357,IZZI,-0.0590271147360241,-0.2907016231382893,-1.2081812991337562,-0.6788763020233755,-2.759800473588852,-2.8869983484347355,1.012269060078986,-0.9083128841989704,2.537131592168712,-0.5678309705864053,1.2701589674429892,-2.5619385498624525,0.3936194597458331
-0.2009728504778462,-0.2194983083222113,-0.2071669055200073,IIZZ,2.7552980313598194,-0.2881939628418459,-0.7806343635683812,-2.615299330970008,-1.8156691186430287,-1.1092217780235472,-1.818679500702984,-0.569015506784714,-0.4614213523367669,-0.2609704015620839,0.6463898877153,1.0483767122018175,-0.21993859242892405
0.0548639593046841,0.0506005533306741,0.0349705805477925,ZIIZ,-1.6459414233892316,1.7776602539193522,0.9832294384284904,-0.2409806280719122,-0.0454073675145987,1.472074174820607,-0.4586126994713684,3.1286946133224403,-1.63090815030179,-0.0837635502733467,-0.3847769954932758,-1.9766035693004331,0.07354059865188578
0.2569690260020691,0.2702741732329733,0.2596683138167278,IIIZ,1.915569418092339,-0.8940621287971506,-2.656738232445269,-1.1302861510636948,2.3621131127532644,2.6737086524081404,0.2188618557798958,-2.814234552183821,-1.204610366011455,0.2704774861442369,0.0240458335561486,1.249566821230042,0.28331283127887263
0.0996961948586899,0.0931044382713405,0.1004293563913699,XXYY,2.7552980313598194,-0.2881939628418459,-0.7806343635683812,-2.615299330970008,-1.8156691186430287,-1.1092217780235472,-1.818679500702984,-0.569015506784714,-0.4614213523367669,-0.2609704015620839,0.6463898877153,1.0483767122018175,0.10982390984609905
0.3584070658389933,0.3834864612655946,0.416257478825028,IZIZ,1.915569418092339,-0.8940621287971506,-2.656738232445269,-1.1302861510636948,2.3621131127532644,2.6737086524081404,0.2188618557798958,-2.814234552183821,-1.204610366011455,0.2704774861442369,0.0240458335561486,1.249566821230042,0.3915343561554127
0.5558982131670145,0.6228990271974224,0.5984698540707951,IZII,1.915569418092339,-0.8940621287971506,-2.656738232445269,-1.1302861510636948,2.3621131127532644,2.6737086524081404,0.2188618557798958,-2.814234552183821,-1.204610366011455,0.2704774861442369,0.0240458335561486,1.249566821230042,0.6092294281552547
-0.7716112775178453,-0.8460420014924106,-0.8274848286024514,ZIII,-0.0590271147360241,-0.2907016231382893,-1.2081812991337562,-0.6788763020233755,-2.759800473588852,-2.8869983484347355,1.012269060078986,-0.9083128841989704,2.537131592168712,-0.5678309705864053,1.2701589674429892,-2.5619385498624525,-0.8786924980787417
0.0448369940292415,0.0600845922819706,0.0685504510286382,YYYY,1.915569418092339,-0.8940621287971506,-2.656738232445269,-1.1302861510636948,2.3621131127532644,2.6737086524081404,0.2188618557798958,-2.814234552183821,-1.204610366011455,0.2704774861442369,0.0240458335561486,1.249566821230042,0.04938181998690307
0.1928226335760715,0.2232345689250607,0.1929041224609263,YYXX,1.915569418092339,-0.8940621287971506,-2.656738232445269,-1.1302861510636948,2.3621131127532644,2.6737086524081404,0.2188618557798958,-2.814234552183821,-1.204610366011455,0.2704774861442369,0.0240458335561486,1.249566821230042,0.2110546256015326
-0.0782119549072344,-0.1278984403382537,-0.1134042394139296,IZZI,-1.6459414233892316,1.7776602539193522,0.9832294384284904,-0.2409806280719122,-0.0454073675145987,1.472074174820607,-0.4586126994713684,3.1286946133224403,-1.63090815030179,-0.0837635502733467,-0.3847769954932758,-1.9766035693004331,-0.09112158771364554
-0.121845855285451,-0.1068013629754945,-0.0942229089569855,ZZII,-1.6459414233892316,1.7776602539193522,0.9832294384284904,-0.2409806280719122,-0.0454073675145987,1.472074174820607,-0.4586126994713684,3.1286946133224403,-1.63090815030179,-0.0837635502733467,-0.3847769954932758,-1.9766035693004331,-0.1394798278394109
-0.2259572861272855,-0.2524401163747353,-0.2672134267281049,XXXX,-0.4965899616543452,0.9245340445032406,2.62903816937444,0.8075872977468403,2.228821168271436,0.8713399043516388,0.9773355978184785,1.4958100878573468,2.7536148298440155,-1.504681648884902,-1.8692584405708523,1.5306261682357416,-0.2533379306509702
1.0202349686988994,0.9973966102705836,0.995816360317364,IIII,-1.6459414233892316,1.7776602539193522,0.9832294384284904,-0.2409806280719122,-0.0454073675145987,1.472074174820607,-0.4586126994713684,3.1286946133224403,-1.63090815030179,-0.0837635502733467,-0.3847769954932758,-1.9766035693004331,0.930240394744881
0.4970999535537905,0.5109402756673362,0.5191534541856164,IIIZ,2.7552980313598194,-0.2881939628418459,-0.7806343635683812,-2.615299330970008,-1.8156691186430287,-1.1092217780235472,-1.818679500702984,-0.569015506784714,-0.4614213523367669,-0.2609704015620839,0.6463898877153,1.0483767122018175,0.5454638796779303
0.0651492348971157,0.0368696340770544,0.0379638530947422,IIZI,-1.6459414233892316,1.7776602539193522,0.9832294384284904,-0.2409806280719122,-0.0454073675145987,1.472074174820607,-0.4586126994713684,3.1286946133224403,-1.63090815030179,-0.0837635502733467,-0.3847769954932758,-1.9766035693004331,0.08268164259246813
0.2008314834119335,0.2155169616943035,0.2221453108523703,IIZZ,-1.6459414233892316,1.7776602539193522,0.9832294384284904,-0.2409806280719122,-0.0454073675145987,1.472074174820607,-0.4586126994713684,3.1286946133224403,-1.63090815030179,-0.0837635502733467,-0.3847769954932758,-1.9766035693004331,0.21227931556367136
-0.4009656595083706,-0.4275274146379108,-0.4307569888566681,ZIZI,1.915569418092339,-0.8940621287971506,-2.656738232445269,-1.1302861510636948,2.3621131127532644,2.6737086524081404,0.2188618557798958,-2.814234552183821,-1.204610366011455,0.2704774861442369,0.0240458335561486,1.249566821230042,-0.4448787085044548
-0.0877000278574936,-0.0757661861013751,-0.089725212215512,ZIII,-0.5180884259123388,1.5485824082570652,-0.006107341455614,3.1098264443980144,1.4419062760885275,0.4852033071413424,0.8405807747590996,1.332556975526474,-0.3367683885348058,1.0983593290165636,1.89290463708214,-1.1970046702210178,-0.09752609689278298
-0.0112945154230238,-0.0135283276441623,0.0037316042578165,IZIZ,-0.4965899616543452,0.9245340445032406,2.62903816937444,0.8075872977468403,2.228821168271436,0.8713399043516388,0.9773355978184785,1.4958100878573468,2.7536148298440155,-1.504681648884902,-1.8692584405708523,1.5306261682357416,-0.006265410785302818
0.185881784567072,0.2249800008155462,0.1853061835028383,XXXX,-1.6459414233892316,1.7776602539193522,0.9832294384284904,-0.2409806280719122,-0.0454073675145987,1.472074174820607,-0.4586126994713684,3.1286946133224403,-1.63090815030179,-0.0837635502733467,-0.3847769954932758,-1.9766035693004331,0.2105124625426468
0.4883922134009205,0.5007985906012592,0.4878921593686862,IZII,-0.4965899616543452,0.9245340445032406,2.62903816937444,0.8075872977468403,2.228821168271436,0.8713399043516388,0.9773355978184785,1.4958100878573468,2.7536148298440155,-1.504681648884902,-1.8692584405708523,1.5306261682357416,0.5441003220641768
0.281886836095193,0.3265464710117324,0.3287177867237595,IZZI,2.4424559700640422,0.105410913059897,2.509918690849536,-1.1820045804923764,1.4476390400304258,-0.7521823835208683,-1.4740603145657996,0.4027365273870131,-0.9936230676036852,1.6955138093492303,0.4604584478226936,1.4790399077864542,0.31188780219289136
0.0392405923648335,0.053913139366976,0.0453180697095644,ZIIZ,-0.4965899616543452,0.9245340445032406,2.62903816937444,0.8075872977468403,2.228821168271436,0.8713399043516388,0.9773355978184785,1.4958100878573468,2.7536148298440155,-1.504681648884902,-1.8692584405708523,1.5306261682357416,0.051108799105679045
0.0140312983982989,0.0237937397467509,0.0183741251654364,YYXX,-0.4965899616543452,0.9245340445032406,2.62903816937444,0.8075872977468403,2.228821168271436,0.8713399043516388,0.9773355978184785,1.4958100878573468,2.7536148298440155,-1.504681648884902,-1.8692584405708523,1.5306261682357416,0.01056615632102137
0.0445142720026277,0.0574562207994867,0.0706348745159041,YYYY,1.915569418092339,-0.8940621287971506,-2.656738232445269,-1.1302861510636948,2.3621131127532644,2.6737086524081404,0.2188618557798958,-2.814234552183821,-1.204610366011455,0.2704774861442369,0.0240458335561486,1.249566821230042,0.04938181998690307
0.4919739737637042,0.5584657512551181,0.5259574815434572,XXYY,-0.4965899616543452,0.9245340445032406,2.62903816937444,0.8075872977468403,2.228821168271436,0.8713399043516388,0.9773355978184785,1.4958100878573468,2.7536148298440155,-1.504681648884902,-1.8692584405708523,1.5306261682357416,0.5490652721365311
-0.1460069972367064,-0.1673144728484134,-0.1781828720491303,ZIZI,-0.5180884259123388,1.5485824082570652,-0.006107341455614,3.1098264443980144,1.4419062760885275,0.4852033071413424,0.8405807747590996,1.332556975526474,-0.3367683885348058,1.0983593290165636,1.89290463708214,-1.1970046702210178,-0.15459991184849725
0.9918001960932992,0.993549097180812,1.0055918538673545,IIII,-0.5180884259123388,1.5485824082570652,-0.006107341455614,3.1098264443980144,1.4419062760885275,0.4852033071413424,0.8405807747590996,1.332556975526474,-0.3367683885348058,1.0983593290165636,1.89290463708214,-1.1970046702210178,0.9341863019006844
-0.2978313113873247,-0.3277630618766374,-0.2997755511004315,IIZI,-0.5180884259123388,1.5485824082570652,-0.006107341455614,3.1098264443980144,1.4419062760885275,0.4852033071413424,0.8405807747590996,1.332556975526474,-0.3367683885348058,1.0983593290165636,1.89290463708214,-1.1970046702210178,-0.33282729463680405
-0.1732344722207136,-0.1789813361242228,-0.1787547189809417,IIZZ,-0.5180884259123388,1.5485824082570652,-0.006107341455614,3.1098264443980144,1.4419062760885275,0.4852033071413424,0.8405807747590996,1.332556975526474,-0.3367683885348058,1.0983593290165636,1.89290463708214,-1.1970046702210178,-0.19580085837312214
0.1471164479521613,0.1659867723899424,0.14018071712824,ZZII,-0.4965899616543452,0.9245340445032406,2.62903816937444,0.8075872977468403,2.228821168271436,0.8713399043516388,0.9773355978184785,1.4958100878573468,2.7536148298440155,-1.504681648884902,-1.8692584405708523,1.5306261682357416,0.15289652358541964
-0.2598796120567254,-0.2967324589324361,-0.2789775116134164,IZII,-1.6459414233892316,1.7776602539193522,0.9832294384284904,-0.2409806280719122,-0.0454073675145987,1.472074174820607,-0.4586126994713684,3.1286946133224403,-1.63090815030179,-0.0837635502733467,-0.3847769954932758,-1.9766035693004331,-0.29608335855219353
-0.5379827025065103,-0.5454517607903131,-0.5444997027888424,IIIZ,1.252419296300716,1.058118547193854,1.3497664714766475,-2.6742195267206315,2.3052767951976394,-1.6902228067509537,-1.535351898924222,-1.097479731816049,0.556095030674133,-0.2642147347731218,-0.0133653009136591,2.730046417247196,-0.6091232189880325
0.7195109445150955,0.7749755998786398,0.7686795950044757,ZIII,2.4424559700640422,0.105410913059897,2.509918690849536,-1.1820045804923764,1.4476390400304258,-0.7521823835208683,-1.4740603145657996,0.4027365273870131,-0.9936230676036852,1.6955138093492303,0.4604584478226936,1.4790399077864542,0.7897565768857002
0.1704410553379256,0.1547490410195597,0.2001972953213589,IZIZ,-0.5180884259123388,1.5485824082570652,-0.006107341455614,3.1098264443980144,1.4419062760885275,0.4852033071413424,0.8405807747590996,1.332556975526474,-0.3367683885348058,1.0983593290165636,1.89290463708214,-1.1970046702210178,0.17846006039644424
-0.4528697420129129,-0.5020916759949274,-0.4930135175768201,ZIIZ,2.4424559700640422,0.105410913059897,2.509918690849536,-1.1820045804923764,1.4476390400304258,-0.7521823835208683,-1.4740603145657996,0.4027365273870131,-0.9936230676036852,1.6955138093492303,0.4604584478226936,1.4790399077864542,-0.5087762148255525
0.3701096052529699,0.4175195174631284,0.4107252161635007,YYYY,2.4424559700640422,0.105410913059897,2.509918690849536,-1.1820045804923764,1.4476390400304258,-0.7521823835208683,-1.4740603145657996,0.4027365273870131,-0.9936230676036852,1.6955138093492303,0.4604584478226936,1.4790399077864542,0.40872253861492874
0.1117213710857852,0.1393609282871914,0.1110466351218548,XXYY,2.4424559700640422,0.105410913059897,2.509918690849536,-1.1820045804923764,1.4476390400304258,-0.7521823835208683,-1.4740603145657996,0.4027365273870131,-0.9936230676036852,1.6955138093492303,0.4604584478226936,1.4790399077864542,0.12225791556442124
0.0734386092123324,0.0893622695933994,0.0886604604600237,YYXX,-0.5180884259123388,1.5485824082570652,-0.006107341455614,3.1098264443980144,1.4419062760885275,0.4852033071413424,0.8405807747590996,1.332556975526474,-0.3367683885348058,1.0983593290165636,1.89290463708214,-1.1970046702210178,0.08952398604122357
0.2864788221342167,0.3284026617406648,0.3030076707860707,IZZI,-0.4250128481284214,-0.4232406578034857,-3.027493646816147,0.5707162235257064,-1.6093437394305663,1.559891985069337,1.633409722773683,-1.097145770277038,2.6872928063179904,1.1923199007372816,2.920868930787828,-1.2717518346501564,0.30616125804632827
0.0766878463109463,0.0800529227460498,0.1212550154322758,ZZII,2.4424559700640422,0.105410913059897,2.509918690849536,-1.1820045804923764,1.4476390400304258,-0.7521823835208683,-1.4740603145657996,0.4027365273870131,-0.9936230676036852,1.6955138093492303,0.4604584478226936,1.4790399077864542,0.0941339740219982
-0.7033102811527621,-0.7470840860761442,-0.7710460617401771,IIZZ,2.4424559700640422,0.105410913059897,2.509918690849536,-1.1820045804923764,1.4476390400304258,-0.7521823835208683,-1.4740603145657996,0.4027365273870131,-0.9936230676036852,1.6955138093492303,0.4604584478226936,1.4790399077864542,-0.7813147702453905
-0.2220360695638027,-0.26485560863368,-0.2163970369401685,XXXX,-0.4965899616543452,0.9245340445032406,2.62903816937444,0.8075872977468403,2.228821168271436,0.8713399043516388,0.9773355978184785,1.4958100878573468,2.7536148298440155,-1.504681648884902,-1.8692584405708523,1.5306261682357416,-0.2533379306509702
-0.5040713178036726,-0.5335058351492623,-0.5548856196982553,IIIZ,1.252419296300716,1.058118547193854,1.3497664714766475,-2.6742195267206315,2.3052767951976394,-1.6902228067509537,-1.535351898924222,-1.097479731816049,0.556095030674133,-0.2642147347731218,-0.0133653009136591,2.730046417247196,-0.5556795402931924
-0.7403176993853396,-0.7884280047590998,-0.7965781066483704,ZIZI,1.252419296300716,1.058118547193854,1.3497664714766475,-2.6742195267206315,2.3052767951976394,-1.6902228067509537,-1.535351898924222,-1.097479731816049,0.556095030674133,-0.2642147347731218,-0.0133653009136591,2.730046417247196,-0.8274683336925486
1.0063207572501676,1.005567386825089,1.0231707204889149,IIII,1.252419296300716,1.058118547193854,1.3497664714766475,-2.6742195267206315,2.3052767951976394,-1.6902228067509537,-1.535351898924222,-1.097479731816049,0.556095030674133,-0.2642147347731218,-0.0133653009136591,2.730046417247196,0.9313667952946738
-0.6981579508801908,-0.7393235507049287,-0.7265533687165625,IIZI,1.252419296300716,1.058118547193854,1.3497664714766475,-2.6742195267206315,2.3052767951976394,-1.6902228067509537,-1.535351898924222,-1.097479731816049,0.556095030674133,-0.2642147347731218,-0.0133653009136591,2.730046417247196,-0.783647816021189
0.1505332336897636,0.160669826226061,0.1642752853548737,IZII,-2.9930107247049804,2.1749018866469463,2.530102051961914,0.3821182979347974,2.1896884783078185,-0.4775904253180885,-1.4664971715291983,-2.735176110289432,-0.593711869917414,1.613169374735552,-1.4588166205126196,-2.340536308898333,0.14989739497541255
-0.2083461716610792,-0.2347153625962416,-0.2180885504504033,ZIIZ,-0.5180884259123388,1.5485824082570652,-0.006107341455614,3.1098264443980144,1.4419062760885275,0.4852033071413424,0.8405807747590996,1.332556975526474,-0.3367683885348058,1.0983593290165636,1.89290463708214,-1.1970046702210178,-0.22615361892401217
0.0120478440711206,0.0219674720991447,-0.0001850158615824,YYYY,-0.4250128481284214,-0.4232406578034857,-3.027493646816147,0.5707162235257064,-1.6093437394305663,1.559891985069337,1.633409722773683,-1.097145770277038,2.6872928063179904,1.1923199007372816,2.920868930787828,-1.2717518346501564,0.020085677339781515
-0.2011828258979451,-0.2022838596775874,-0.2253475848280036,IZIZ,1.252419296300716,1.058118547193854,1.3497664714766475,-2.6742195267206315,2.3052767951976394,-1.6902228067509537,-1.535351898924222,-1.097479731816049,0.556095030674133,-0.2642147347731218,-0.0133653009136591,2.730046417247196,-0.21967485401070663
0.0298370729251745,0.0256826418292263,0.0158070087159983,YYXX,-0.4250128481284214,-0.4232406578034857,-3.027493646816147,0.5707162235257064,-1.6093437394305663,1.559891985069337,1.633409722773683,-1.097145770277038,2.6872928063179904,1.1923199007372816,2.920868930787828,-1.2717518346501564,0.02901015977130805
-0.2544243405142218,-0.2837841087988166,-0.2922822249045801,XXXX,-0.4250128481284214,-0.4232406578034857,-3.027493646816147,0.5707162235257064,-1.6093437394305663,1.559891985069337,1.633409722773683,-1.097145770277038,2.6872928063179904,1.1923199007372816,2.920868930787828,-1.2717518346501564,-0.278896783914038
0.0241667039101748,0.0313267080615034,0.0193379377040131,XXYY,-0.4250128481284214,-0.4232406578034857,-3.027493646816147,0.5707162235257064,-1.6093437394305663,1.559891985069337,1.633409722773683,-1.097145770277038,2.6872928063179904,1.1923199007372816,2.920868930787828,-1.2717518346501564,0.02107849527543615
0.6435261133293213,0.737425888069197,0.7314884933079058,ZIII,1.252419296300716,1.058118547193854,1.3497664714766475,-2.6742195267206315,2.3052767951976394,-1.6902228067509537,-1.535351898924222,-1.097479731816049,0.556095030674133,-0.2642147347731218,-0.0133653009136591,2.730046417247196,0.7219485046104197
0.4238717349088557,0.463154712651388,0.4843033244708669,ZIZI,2.4424559700640422,0.105410913059897,2.509918690849536,-1.1820045804923764,1.4476390400304258,-0.7521823835208683,-1.4740603145657996,0.4027365273870131,-0.9936230676036852,1.6955138093492303,0.4604584478226936,1.4790399077864542,0.47008501211431275
1.003694744507658,0.9934568539159132,1.0032501718876523,IIII,-0.4250128481284214,-0.4232406578034857,-3.027493646816147,0.5707162235257064,-1.6093437394305663,1.559891985069337,1.633409722773683,-1.097145770277038,2.6872928063179904,1.1923199007372816,2.920868930787828,-1.2717518346501564,0.9373533924812301
0.3505290560109607,0.4027736316818431,0.3749469447628234,IZII,-0.4250128481284214,-0.4232406578034857,-3.027493646816147,0.5707162235257064,-1.6093437394305663,1.559891985069337,1.633409722773683,-1.097145770277038,2.6872928063179904,1.1923199007372816,2.920868930787828,-1.2717518346501564,0.38055701886897103
-0.0154151754232907,0.0094259307748141,-0.0321942494332613,ZZII,-2.9930107247049804,2.1749018866469463,2.530102051961914,0.3821182979347974,2.1896884783078185,-0.4775904253180885,-1.4664971715291983,-2.735176110289432,-0.593711869917414,1.613169374735552,-1.4588166205126196,-2.340536308898333,-0.005426017112234739
-0.6521024021905308,-0.6857157731975438,-0.6707091014533831,IZZI,1.9385467069335836,3.112026028177418,-0.8975287729757473,-2.241560647929756,1.2064809709963278,2.5650066436962806,1.968844822029486,0.4591875638634608,-0.8648523542792605,-2.068599269833572,-2.7302541248113457,1.2948702572828168,-0.7003173919434273
0.4997981367660208,0.514075121917263,0.5478536528941621,IIIZ,-2.9930107247049804,2.1749018866469463,2.530102051961914,0.3821182979347974,2.1896884783078185,-0.4775904253180885,-1.4664971715291983,-2.735176110289432,-0.593711869917414,1.613169374735552,-1.4588166205126196,-2.340536308898333,0.5538527794727639
0.3292472802259911,0.3349993725469358,0.372735388215168,IIZI,-2.9930107247049804,2.1749018866469463,2.530102051961914,0.3821182979347974,2.1896884783078185,-0.4775904253180885,-1.4664971715291983,-2.735176110289432,-0.593711869917414,1.613169374735552,-1.4588166205126196,-2.340536308898333,0.3563619465602371
0.3555392086533712,0.4051227338576121,0.3738203665469184,IIZZ,-2.9930107247049804,2.1749018866469463,2.530102051961914,0.3821182979347974,2.1896884783078185,-0.4775904253180885,-1.4664971715291983,-2.735176110289432,-0.593711869917414,1.613169374735552,-1.4588166205126196,-2.340536308898333,0.39727778487952387
-0.1346412617669535,-0.1515716269838121,-0.1544879041706728,XXYY,0.4500263858195392,2.085079689292444,1.0185080536587972,2.0642929984478764,-1.2830338981814335,2.818637292946635,-3.1346961258953483,-0.3882454552592644,-0.235572149192162,0.4014085680171799,-0.0550886455083827,-2.161628470357825,-0.14722896254908036
-0.1847775414894306,-0.2120235201981211,-0.2050205502551192,IZIZ,1.252419296300716,1.058118547193854,1.3497664714766475,-2.6742195267206315,2.3052767951976394,-1.6902228067509537,-1.535351898924222,-1.097479731816049,0.556095030674133,-0.2642147347731218,-0.0133653009136591,2.730046417247196,-0.19469560428902383
-0.2081337709208652,-0.2324088658455343,-0.2004273925614527,ZIII,-2.9930107247049804,2.1749018866469463,2.530102051961914,0.3821182979347974,2.1896884783078185,-0.4775904253180885,-1.4664971715291983,-2.735176110289432,-0.593711869917414,1.613169374735552,-1.4588166205126196,-2.340536308898333,-0.23009039437141204
-0.1320951340976199,-0.1427277317194975,-0.1355781791360021,ZIIZ,-2.9930107247049804,2.1749018866469463,2.530102051961914,0.3821182979347974,2.1896884783078185,-0.4775904253180885,-1.4664971715291983,-2.735176110289432,-0.593711869917414,1.613169374735552,-1.4588166205126196,-2.340536308898333,-0.12974272154865274
0.1877809502008249,0.2237599689939636,0.2289993613571817,YYYY,1.9385467069335836,3.112026028177418,-0.8975287729757473,-2.241560647929756,1.2064809709963278,2.5650066436962806,1.968844822029486,0.4591875638634608,-0.8648523542792605,-2.068599269833572,-2.7302541248113457,1.2948702572828168,0.20910680520996217
-0.1691675255577271,-0.1622729251712921,-0.158595223964871,YYXX,1.9385467069335836,3.112026028177418,-0.8975287729757473,-2.241560647929756,1.2064809709963278,2.5650066436962806,1.968844822029486,0.4591875638634608,-0.8648523542792605,-2.068599269833572,-2.7302541248113457,1.2948702572828168,-0.1977670457940419
0.2087407240260196,0.2820761857538844,0.2785883791939629,ZZII,-0.4250128481284214,-0.4232406578034857,-3.027493646816147,0.5707162235257064,-1.6093437394305663,1.559891985069337,1.633409722773683,-1.097145770277038,2.6872928063179904,1.1923199007372816,2.920868930787828,-1.2717518346501564,0.22103762214096342
0.0595342648152352,0.0792847254721289,0.0676497185856309,XXXX,1.9385467069335836,3.112026028177418,-0.8975287729757473,-2.241560647929756,1.2064809709963278,2.5650066436962806,1.968844822029486,0.4591875638634608,-0.8648523542792605,-2.068599269833572,-2.7302541248113457,1.2948702572828168,0.05119620122317481
-0.3436375600606235,-0.3402651651898895,-0.3730980144468156,IIZI,0.4500263858195392,2.085079689292444,1.0185080536587972,2.0642929984478764,-1.2830338981814335,2.818637292946635,-3.1346961258953483,-0.3882454552592644,-0.235572149192162,0.4014085680171799,-0.0550886455083827,-2.161628470357825,-0.3718921887179576
-0.1322874892212425,-0.1361197205441258,-0.1202210735096686,IIZZ,0.4500263858195392,2.085079689292444,1.0185080536587972,2.0642929984478764,-1.2830338981814335,2.818637292946635,-3.1346961258953483,-0.3882454552592644,-0.235572149192162,0.4014085680171799,-0.0550886455083827,-2.161628470357825,-0.1424798444295885
-0.3823815880540499,-0.4362633968268943,-0.3903864513779953,ZIZI,3.0430554330277726,-2.552783859690484,-2.89502217151694,-2.997568810273817,0.0335847429990532,-2.4273686830941696,2.3950694190447326,-1.3348413399525831,-2.042074772254609,-2.3756274955799066,-2.0148337098464357,0.9993595503542192,-0.4239450630526779
-0.6320142147099636,-0.6890216686075458,-0.6737209474433618,IZZI,1.9385467069335836,3.112026028177418,-0.8975287729757473,-2.241560647929756,1.2064809709963278,2.5650066436962806,1.968844822029486,0.4591875638634608,-0.8648523542792605,-2.068599269833572,-2.7302541248113457,1.2948702572828168,-0.6892816451666295
0.4229420294058222,0.442073775778177,0.4191148095114175,IZIZ,0.4500263858195392,2.085079689292444,1.0185080536587972,2.0642929984478764,-1.2830338981814335,2.818637292946635,-3.1346961258953483,-0.3882454552592644,-0.235572149192162,0.4014085680171799,-0.0550886455083827,-2.161628470357825,0.4644112540609601
1.008435952203432,0.991146171842744,0.9914755229622694,IIII,1.9385467069335836,3.112026028177418,-0.8975287729757473,-2.241560647929756,1.2064809709963278,2.5650066436962806,1.968844822029486,0.4591875638634608,-0.8648523542792605,-2.068599269833572,-2.7302541248113457,1.2948702572828168,0.9223734928939392
-0.3156721568397698,-0.3245418959026442,-0.3351577533677634,IIIZ,1.9385467069335836,3.112026028177418,-0.8975287729757473,-2.241560647929756,1.2064809709963278,2.5650066436962806,1.968844822029486,0.4591875638634608,-0.8648523542792605,-2.068599269833572,-2.7302541248113457,1.2948702572828168,-0.34143890671649324
-0.1340485447244165,-0.1335867479922387,-0.1401013676658379,XXYY,0.4500263858195392,2.085079689292444,1.0185080536587972,2.0642929984478764,-1.2830338981814335,2.818637292946635,-3.1346961258953483,-0.3882454552592644,-0.235572149192162,0.4014085680171799,-0.0550886455083827,-2.161628470357825,-0.14251992573711061
0.0838203645560182,0.0711025484641174,0.062667942263714,YYYY,0.8652477453969798,2.344555198293304,2.155635964746748,0.151875417779054,2.216073210364759,2.1140709418111,0.0560790917963451,-1.0433449207816845,-0.1191805432498509,-0.734709952595344,2.8533976291484526,-3.012806426507089,0.0869758646593941
0.0882978784056874,0.1029405203738709,0.0953501469739443,IZZI,0.4500263858195392,2.085079689292444,1.0185080536587972,2.0642929984478764,-1.2830338981814335,2.818637292946635,-3.1346961258953483,-0.3882454552592644,-0.235572149192162,0.4014085680171799,-0.0550886455083827,-2.161628470357825,0.09201993051435178
0.32609550587988,0.3601156316028825,0.3721529612996817,XXXX,0.4500263858195392,2.085079689292444,1.0185080536587972,2.0642929984478764,-1.2830338981814335,2.818637292946635,-3.1346961258953483,-0.3882454552592644,-0.235572149192162,0.4014085680171799,-0.0550886455083827,-2.161628470357825,0.3571731913542782
0.1704930682213046,0.1576134490773164,0.1566239661140099,IZII,-2.9930107247049804,2.1749018866469463,2.530102051961914,0.3821182979347974,2.1896884783078185,-0.4775904253180885,-1.4664971715291983,-2.735176110289432,-0.593711869917414,1.613169374735552,-1.4588166205126196,-2.340536308898333,0.187126993967877
0.5575718274283032,0.6262697970600634,0.6141596160188149,ZIII,3.0430554330277726,-2.552783859690484,-2.89502217151694,-2.997568810273817,0.0335847429990532,-2.4273686830941696,2.3950694190447326,-1.3348413399525831,-2.042074772254609,-2.3756274955799066,-2.0148337098464357,0.9993595503542192,0.6209223968282263
0.3114996260712331,0.3569668597894353,0.3292082664392704,ZIIZ,3.0430554330277726,-2.552783859690484,-2.89502217151694,-2.997568810273817,0.0335847429990532,-2.4273686830941696,2.3950694190447326,-1.3348413399525831,-2.042074772254609,-2.3756274955799066,-2.0148337098464357,0.9993595503542192,0.3491015645720863
-0.3329704849614759,-0.3519983275459857,-0.3539108963907542,ZZII,-2.5396160934526977,-0.8520906206706611,1.5620424648788118,-2.338853076562037,-1.989978902514549,-0.1789919031714153,-0.6892905253881745,-2.091402607837275,-2.27352650569953,-0.597219738639263,-0.6535933733601342,-0.0286071228876805,-0.37142313229478036
-0.1250120160955687,-0.1497484770332076,-0.1298955368120256,YYXX,3.0430554330277726,-2.552783859690484,-2.89502217151694,-2.997568810273817,0.0335847429990532,-2.4273686830941696,2.3950694190447326,-1.3348413399525831,-2.042074772254609,-2.3756274955799066,-2.0148337098464357,0.9993595503542192,-0.1371033902699319
-0.3764345191329123,-0.4246373829955495,-0.4291686789309237,ZIZI,3.0430554330277726,-2.552783859690484,-2.89502217151694,-2.997568810273817,0.0335847429990532,-2.4273686830941696,2.3950694190447326,-1.3348413399525831,-2.042074772254609,-2.3756274955799066,-2.0148337098464357,0.9993595503542192,-0.4190860210011638
1.011989559789435,0.9861894552279832,1.0099572596471804,IIII,3.0430554330277726,-2.552783859690484,-2.89502217151694,-2.997568810273817,0.0335847429990532,-2.4273686830941696,2.3950694190447326,-1.3348413399525831,-2.042074772254609,-2.3756274955799066,-2.0148337098464357,0.9993595503542192,0.9296779784720131
-0.1353527544271894,-0.1302564948574014,-0.1564523211432073,IIZZ,0.8652477453969798,2.344555198293304,2.155635964746748,0.151875417779054,2.216073210364759,2.1140709418111,0.0560790917963451,-1.0433449207816845,-0.1191805432498509,-0.734709952595344,2.8533976291484526,-3.012806426507089,-0.14148441606203654
0.4811568088512235,0.4997163924670673,0.4899157256836254,IIIZ,3.0430554330277726,-2.552783859690484,-2.89502217151694,-2.997568810273817,0.0335847429990532,-2.4273686830941696,2.3950694190447326,-1.3348413399525831,-2.042074772254609,-2.3756274955799066,-2.0148337098464357,0.9993595503542192,0.5281602703487334
0.0728812346247236,0.1285492594608404,0.1435807567887879,IZII,0.8652477453969798,2.344555198293304,2.155635964746748,0.151875417779054,2.216073210364759,2.1140709418111,0.0560790917963451,-1.0433449207816845,-0.1191805432498509,-0.734709952595344,2.8533976291484526,-3.012806426507089,0.07616033941024151
0.1131520058547608,0.1240025333235056,0.1194746868903915,ZIIZ,0.8652477453969798,2.344555198293304,2.155635964746748,0.151875417779054,2.216073210364759,2.1140709418111,0.0560790917963451,-1.0433449207816845,-0.1191805432498509,-0.734709952595344,2.8533976291484526,-3.012806426507089,0.12179665576011735
-0.1627592840097194,-0.1543730061169227,-0.1756279981089693,ZIII,0.8652477453969798,2.344555198293304,2.155635964746748,0.151875417779054,2.216073210364759,2.1140709418111,0.0560790917963451,-1.0433449207816845,-0.1191805432498509,-0.734709952595344,2.8533976291484526,-3.012806426507089,-0.17207077740626503
0.2549771825612663,0.2674738093174801,0.2547350336805989,IIZI,1.9385467069335836,3.112026028177418,-0.8975287729757473,-2.241560647929756,1.2064809709963278,2.5650066436962806,1.968844822029486,0.4591875638634608,-0.8648523542792605,-2.068599269833572,-2.7302541248113457,1.2948702572828168,0.28547847346696986
0.0587688548282152,0.0964999405126992,0.073531321634401,YYYY,0.8652477453969798,2.344555198293304,2.155635964746748,0.151875417779054,2.216073210364759,2.1140709418111,0.0560790917963451,-1.0433449207816845,-0.1191805432498509,-0.734709952595344,2.8533976291484526,-3.012806426507089,0.06021286398223851
0.4673066143836227,0.5299345252090996,0.50948166904259,XXYY,-2.5396160934526977,-0.8520906206706611,1.5620424648788118,-2.338853076562037,-1.989978902514549,-0.1789919031714153,-0.6892905253881745,-2.091402607837275,-2.27352650569953,-0.597219738639263,-0.6535933733601342,-0.0286071228876805,0.5216555269348795
-0.3483109148872842,-0.3873304122210739,-0.3899045663368822,YYXX,0.8652477453969798,2.344555198293304,2.155635964746748,0.151875417779054,2.216073210364759,2.1140709418111,0.0560790917963451,-1.0433449207816845,-0.1191805432498509,-0.734709952595344,2.8533976291484526,-3.012806426507089,-0.3852940827970707
-0.2219745031972568,-0.2072118979407253,-0.2259134694919776,IZZI,-2.5396160934526977,-0.8520906206706611,1.5620424648788118,-2.338853076562037,-1.989978902514549,-0.1789919031714153,-0.6892905253881745,-2.091402607837275,-2.27352650569953,-0.597219738639263,-0.6535933733601342,-0.0286071228876805,-0.24855253324939006
0.2650940409987786,0.2799587619646787,0.3213297220092203,XXXX,-2.5396160934526977,-0.8520906206706611,1.5620424648788118,-2.338853076562037,-1.989978902514549,-0.1789919031714153,-0.6892905253881745,-2.091402607837275,-2.27352650569953,-0.597219738639263,-0.6535933733601342,-0.0286071228876805,0.2748923429771587
0.3216030403877964,0.3647012611660034,0.3714282076251902,IZIZ,-2.942948888084988,-2.814644389387459,0.6304992469890851,-1.753693240455251,3.131698085875005,-0.8968389586372698,2.5841300571816648,-1.7186224378883808,0.2847510896021958,-1.4382397455028424,-2.044670554229069,-1.139443775711078,0.35483550838951017
0.6169217790227882,0.6887771169418645,0.6753865506557253,ZIZI,-2.5396160934526977,-0.8520906206706611,1.5620424648788118,-2.338853076562037,-1.989978902514549,-0.1789919031714153,-0.6892905253881745,-2.091402607837275,-2.27352650569953,-0.597219738639263,-0.6535933733601342,-0.0286071228876805,0.6885115696261501
-0.0560629949536658,-0.0750926946583601,-0.0402000647857569,ZZII,0.4500263858195392,2.085079689292444,1.0185080536587972,2.0642929984478764,-1.2830338981814335,2.818637292946635,-3.1346961258953483,-0.3882454552592644,-0.235572149192162,0.4014085680171799,-0.0550886455083827,-2.161628470357825,-0.06206044008972488
0.99144641709405,0.9934909365670604,1.0239434994106635,IIII,-2.5396160934526977,-0.8520906206706611,1.5620424648788118,-2.338853076562037,-1.989978902514549,-0.1789919031714153,-0.6892905253881745,-2.091402607837275,-2.27352650569953,-0.597219738639263,-0.6535933733601342,-0.0286071228876805,0.931380320059698
-0.1029461883645699,-0.1488560984199415,-0.0915697698511396,IIZI,-2.5396160934526977,-0.8520906206706611,1.5620424648788118,-2.338853076562037,-1.989978902514549,-0.1789919031714153,-0.6892905253881745,-2.091402607837275,-2.27352650569953,-0.597219738639263,-0.6535933733601342,-0.0286071228876805,-0.10472706498322117
-0.2106099496972307,-0.2428727619369974,-0.237356171261973,IZIZ,-2.2262183619878373,-2.935866328065113,0.7687846641314198,2.341797669260836,-2.927135330588196,-2.9180093370385483,2.0677604797409925,-0.4344465028449504,2.3840297168426297,1.336033732107074,-0.3247489699259591,-2.7366371226729,-0.22744134797433385
0.8989015343329536,0.9354989726075456,0.928206189894241,IIIZ,-2.942948888084988,-2.814644389387459,0.6304992469890851,-1.753693240455251,3.131698085875005,-0.8968389586372698,2.5841300571816648,-1.7186224378883808,0.2847510896021958,-1.4382397455028424,-2.044670554229069,-1.139443775711078,0.9314894905975046
-0.7030523551428964,-0.7603023671886117,-0.7792735514952877,IIZZ,-2.942948888084988,-2.814644389387459,0.6304992469890851,-1.753693240455251,3.131698085875005,-0.8968389586372698,2.5841300571816648,-1.7186224378883808,0.2847510896021958,-1.4382397455028424,-2.044670554229069,-1.139443775711078,-0.792281891303609
0.3242400000250797,0.3656959134448254,0.3618526611029709,IZII,-2.942948888084988,-2.814644389387459,0.6304992469890851,-1.753693240455251,3.131698085875005,-0.8968389586372698,2.5841300571816648,-1.7186224378883808,0.2847510896021958,-1.4382397455028424,-2.044670554229069,-1.139443775711078,0.35824254590376287
0.0371809584682972,0.0633044745782584,0.065449001532314,XXXX,-2.2262183619878373,-2.935866328065113,0.7687846641314198,2.341797669260836,-2.927135330588196,-2.9180093370385483,2.0677604797409925,-0.4344465028449504,2.3840297168426297,1.336033732107074,-0.3247489699259591,-2.7366371226729,0.03272330782396641
0.3613868035849858,0.4016856186504705,0.3903009813047038,ZIII,-2.942948888084988,-2.814644389387459,0.6304992469890851,-1.753693240455251,3.131698085875005,-0.8968389586372698,2.5841300571816648,-1.7186224378883808,0.2847510896021958,-1.4382397455028424,-2.044670554229069,-1.139443775711078,0.3968360663434924
0.3002393396503098,0.3272146756993145,0.3459173336850217,ZIIZ,3.0430554330277726,-2.552783859690484,-2.89502217151694,-2.997568810273817,0.0335847429990532,-2.4273686830941696,2.3950694190447326,-1.3348413399525831,-2.042074772254609,-2.3756274955799066,-2.0148337098464357,0.9993595503542192,0.32633240789102563
-0.0658065688593786,-0.0986298551850558,-0.1146284497668995,ZIZI,-2.2262183619878373,-2.935866328065113,0.7687846641314198,2.341797669260836,-2.927135330588196,-2.9180093370385483,2.0677604797409925,-0.4344465028449504,2.3840297168426297,1.336033732107074,-0.3247489699259591,-2.7366371226729,-0.07252499023630944
-0.009500594368673,0.0025585722920611,-0.0239816616108779,IZZI,-2.2262183619878373,-2.935866328065113,0.7687846641314198,2.341797669260836,-2.927135330588196,-2.9180093370385483,2.0677604797409925,-0.4344465028449504,2.3840297168426297,1.336033732107074,-0.3247489699259591,-2.7366371226729,0.0012195784159110808
-0.0585273729063857,-0.0773034722910378,-0.0879248640479323,YYYY,-2.942948888084988,-2.814644389387459,0.6304992469890851,-1.753693240455251,3.131698085875005,-0.8968389586372698,2.5841300571816648,-1.7186224378883808,0.2847510896021958,-1.4382397455028424,-2.044670554229069,-1.139443775711078,-0.07025156394665727
0.3327407600005281,0.3694624325276154,0.3451100000287332,YYXX,3.1295927457570807,1.074711811049171,0.5192319958155265,-2.041437070255533,-2.278385521174978,0.1157727726471846,-1.439544051867904,2.313965609181995,1.024276708984254,3.1219296067843336,-1.926460695553462,-2.663104050799922,0.3547116885968068
0.9922984730149,0.9905151671409272,1.0214304110711312,IIII,-2.2262183619878373,-2.935866328065113,0.7687846641314198,2.341797669260836,-2.927135330588196,-2.9180093370385483,2.0677604797409925,-0.4344465028449504,2.3840297168426297,1.336033732107074,-0.3247489699259591,-2.7366371226729,0.9375848962974459
0.0837264671473485,0.1203661270826194,0.1175699318476603,XXYY,-2.942948888084988,-2.814644389387459,0.6304992469890851,-1.753693240455251,3.131698085875005,-0.8968389586372698,2.5841300571816648,-1.7186224378883808,0.2847510896021958,-1.4382397455028424,-2.044670554229069,-1.139443775711078,0.08570594555080874
-0.8282778212228987,-0.8684677801128476,-0.8490005061333734,IIIZ,0.8652477453969798,2.344555198293304,2.155635964746748,0.151875417779054,2.216073210364759,2.1140709418111,0.0560790917963451,-1.0433449207816845,-0.1191805432498509,-0.734709952595344,2.8533976291484526,-3.012806426507089,-0.8871460305876555
0.1946470498097947,0.2035600472580262,0.1702419114387957,ZZII,3.1295927457570807,1.074711811049171,0.5192319958155265,-2.041437070255533,-2.278385521174978,0.1157727726471846,-1.439544051867904,2.313965609181995,1.024276708984254,3.1219296067843336,-1.926460695553462,-2.663104050799922,0.21183972128909062
0.6389487498592253,0.7003818918049441,0.6814789059847964,IZII,-2.2262183619878373,-2.935866328065113,0.7687846641314198,2.341797669260836,-2.927135330588196,-2.9180093370385483,2.0677604797409925,-0.4344465028449504,2.3840297168426297,1.336033732107074,-0.3247489699259591,-2.7366371226729,0.715061486667846
-0.1074023875370835,-0.0907281277425819,-0.0819049220992214,ZIIZ,-2.2262183619878373,-2.935866328065113,0.7687846641314198,2.341797669260836,-2.927135330588196,-2.9180093370385483,2.0677604797409925,-0.4344465028449504,2.3840297168426297,1.336033732107074,-0.3247489699259591,-2.7366371226729,-0.11186462303311748
0.352202202176394,0.4067851701290895,0.3942919273456372,YYYY,-2.5396160934526977,-0.8520906206706611,1.5620424648788118,-2.338853076562037,-1.989978902514549,-0.1789919031714153,-0.6892905253881745,-2.091402607837275,-2.27352650569953,-0.597219738639263,-0.6535933733601342,-0.0286071228876805,0.3943303943574587
0.3086725172122714,0.3444069978743878,0.329018116770961,IIZI,3.1295927457570807,1.074711811049171,0.5192319958155265,-2.041437070255533,-2.278385521174978,0.1157727726471846,-1.439544051867904,2.313965609181995,1.024276708984254,3.1219296067843336,-1.926460695553462,-2.663104050799922,0.33939667668091766
0.2686063859666971,0.2555762966090819,0.3140599661786151,IIZZ,3.1295927457570807,1.074711811049171,0.5192319958155265,-2.041437070255533,-2.278385521174978,0.1157727726471846,-1.439544051867904,2.313965609181995,1.024276708984254,3.1219296067843336,-1.926460695553462,-2.663104050799922,0.29079191812572036
0.1626457252410775,0.1664846067034492,0.1579547140976847,ZIII,3.1295927457570807,1.074711811049171,0.5192319958155265,-2.041437070255533,-2.278385521174978,0.1157727726471846,-1.439544051867904,2.313965609181995,1.024276708984254,3.1219296067843336,-1.926460695553462,-2.663104050799922,0.16483706920210128
0.0254223029179652,0.0610897458773301,0.0204656030796509,IZIZ,-0.1319420664399855,0.593164390368583,0.1468727073580811,2.494326226371646,0.5716570544867294,-2.0420813568468628,-2.9882376830137223,-3.1036112110746576,1.9350561342561687,-0.8948490335137427,-1.2513078715067427,-1.7723851609045815,0.022420438629137496
-0.0270144768919142,-0.0285681795882211,-0.0288250736906474,XXYY,-0.1319420664399855,0.593164390368583,0.1468727073580811,2.494326226371646,0.5716570544867294,-2.0420813568468628,-2.9882376830137223,-3.1036112110746576,1.9350561342561687,-0.8948490335137427,-1.2513078715067427,-1.7723851609045815,-0.028008265512933367
0.3238823028214956,0.3701639467317269,0.3421199715618944,YYXX,3.1295927457570807,1.074711811049171,0.5192319958155265,-2.041437070255533,-2.278385521174978,0.1157727726471846,-1.439544051867904,2.313965609181995,1.024276708984254,3.1219296067843336,-1.926460695553462,-2.663104050799922,0.3537302496645102
0.2596430688986184,0.2871240519854403,0.2904733663608803,XXXX,3.1295927457570807,1.074711811049171,0.5192319958155265,-2.041437070255533,-2.278385521174978,0.1157727726471846,-1.439544051867904,2.313965609181995,1.024276708984254,3.1219296067843336,-1.926460695553462,-2.663104050799922,0.2905392342518178
0.8607703790398148,0.8949490684949529,0.8921239584336154,IIIZ,-0.7514507793984935,2.6225486942019645,1.8239990256289271,1.857545166407987,-1.2797127265802124,2.574671094129457,0.1244229333334363,0.4079144822157947,-1.6362853826081647,0.9231294039797566,-2.303095126082866,-2.045483918722556,0.9289541190539847
0.8262134321464634,0.8901044175658227,0.8889033931911317,IIZI,-0.7514507793984935,2.6225486942019645,1.8239990256289271,1.857545166407987,-1.2797127265802124,2.574671094129457,0.1244229333334363,0.4079144822157947,-1.6362853826081647,0.9231294039797566,-2.303095126082866,-2.045483918722556,0.926412532121858
-0.2408278818823335,-0.2918926550132036,-0.2959930917594476,IZZI,-2.942948888084988,-2.814644389387459,0.6304992469890851,-1.753693240455251,3.131698085875005,-0.8968389586372698,2.5841300571816648,-1.7186224378883808,0.2847510896021958,-1.4382397455028424,-2.044670554229069,-1.139443775711078,-0.2552123557461892
-0.1582906639569665,-0.1452890738242858,-0.1294314108218152,ZIZI,-0.1319420664399855,0.593164390368583,0.1468727073580811,2.494326226371646,0.5716570544867294,-2.0420813568468628,-2.9882376830137223,-3.1036112110746576,1.9350561342561687,-0.8948490335137427,-1.2513078715067427,-1.7723851609045815,-0.16910891027465855
-0.2506755862801806,-0.2732691454577954,-0.2540316127474525,ZZII,-0.1319420664399855,0.593164390368583,0.1468727073580811,2.494326226371646,0.5716570544867294,-2.0420813568468628,-2.9882376830137223,-3.1036112110746576,1.9350561342561687,-0.8948490335137427,-1.2513078715067427,-1.7723851609045815,-0.27639916700286005
1.0206842698825394,1.0128438017555672,1.011046554285544,IIII,-0.1319420664399855,0.593164390368583,0.1468727073580811,2.494326226371646,0.5716570544867294,-2.0420813568468628,-2.9882376830137223,-3.1036112110746576,1.9350561342561687,-0.8948490335137427,-1.2513078715067427,-1.7723851609045815,0.9355211519435237
0.0611334680016014,0.0684958852413678,0.0543561847073587,IIZZ,-0.1319420664399855,0.593164390368583,0.1468727073580811,2.494326226371646,0.5716570544867294,-2.0420813568468628,-2.9882376830137223,-3.1036112110746576,1.9350561342561687,-0.8948490335137427,-1.2513078715067427,-1.7723851609045815,0.06579860848222145
-0.0743203885464462,-0.1161616982419172,-0.0948053957580212,ZIIZ,-2.2262183619878373,-2.935866328065113,0.7687846641314198,2.341797669260836,-2.927135330588196,-2.9180093370385483,2.0677604797409925,-0.4344465028449504,2.3840297168426297,1.336033732107074,-0.3247489699259591,-2.7366371226729,-0.08583677431493605
-0.1639659342062203,-0.1656678101182468,-0.1373429200997893,YYXX,-0.7514507793984935,2.6225486942019645,1.8239990256289271,1.857545166407987,-1.2797127265802124,2.574671094129457,0.1244229333334363,0.4079144822157947,-1.6362853826081647,0.9231294039797566,-2.303095126082866,-2.045483918722556,-0.1781850158351518
0.1814116048066155,0.2140989223896207,0.1811614676136433,YYYY,-0.7514507793984935,2.6225486942019645,1.8239990256289271,1.857545166407987,-1.2797127265802124,2.574671094129457,0.1244229333334363,0.4079144822157947,-1.6362853826081647,0.9231294039797566,-2.303095126082866,-2.045483918722556,0.20839106620925868
0.0184082629091335,0.0268631636190353,0.0153134301482115,XXYY,-0.7514507793984935,2.6225486942019645,1.8239990256289271,1.857545166407987,-1.2797127265802124,2.574671094129457,0.1244229333334363,0.4079144822157947,-1.6362853826081647,0.9231294039797566,-2.303095126082866,-2.045483918722556,0.017496185953507232
0.3031977854539793,0.3471007263252801,0.3276088021538133,IZII,-0.1319420664399855,0.593164390368583,0.1468727073580811,2.494326226371646,0.5716570544867294,-2.0420813568468628,-2.9882376830137223,-3.1036112110746576,1.9350561342561687,-0.8948490335137427,-1.2513078715067427,-1.7723851609045815,0.33639035033007575
-0.0077515872338831,0.0106970300580382,0.0126550850595293,XXXX,-0.7514507793984935,2.6225486942019645,1.8239990256289271,1.857545166407987,-1.2797127265802124,2.574671094129457,0.1244229333334363,0.4079144822157947,-1.6362853826081647,0.9231294039797566,-2.303095126082866,-2.045483918722556,0.0017294200384706693
0.21355478337605,0.23912594348227,0.2364582973387828,ZIII,-1.476041706712646,1.0890223846774534,2.737236304782143,2.899460490522604,0.4198083335841946,0.5455741649927912,-0.6400612929268661,2.2181354287911894,-2.2998439780835813,-0.2946787946149674,1.6362528414061774,0.771740632410554,0.2379463220067982
-0.1375691514358815,-0.1747539018712965,-0.1624336871999324,IZIZ,-1.476041706712646,1.0890223846774534,2.737236304782143,2.899460490522604,0.4198083335841946,0.5455741649927912,-0.6400612929268661,2.2181354287911894,-2.2998439780835813,-0.2946787946149674,1.6362528414061774,0.771740632410554,-0.1522549130944311
0.8386943830819874,0.877796119307072,0.8844920189592553,IIIZ,-0.7514507793984935,2.6225486942019645,1.8239990256289271,1.857545166407987,-1.2797127265802124,2.574671094129457,0.1244229333334363,0.4079144822157947,-1.6362853826081647,0.9231294039797566,-2.303095126082866,-2.045483918722556,0.9289147092291296
0.1761169376882334,0.2208336224288368,0.224447603534251,IZZI,3.1295927457570807,1.074711811049171,0.5192319958155265,-2.041437070255533,-2.278385521174978,0.1157727726471846,-1.439544051867904,2.313965609181995,1.024276708984254,3.1219296067843336,-1.926460695553462,-2.663104050799922,0.2029952836437332
0.0041433801632001,0.0135015784479346,0.0029437879682477,ZZII,-1.476041706712646,1.0890223846774534,2.737236304782143,2.899460490522604,0.4198083335841946,0.5455741649927912,-0.6400612929268661,2.2181354287911894,-2.2998439780835813,-0.2946787946149674,1.6362528414061774,0.771740632410554,0.0006235322588732919
0.148098196191697,0.1672599228218699,0.1543595235639626,ZIZI,-1.476041706712646,1.0890223846774534,2.737236304782143,2.899460490522604,0.4198083335841946,0.5455741649927912,-0.6400612929268661,2.2181354287911894,-2.2998439780835813,-0.2946787946149674,1.6362528414061774,0.771740632410554,0.15811488463060802
-0.0373589388276086,-0.0595024458483159,-0.0335439196365996,IIZZ,1.7165202785897078,-0.9558496709617548,-0.4719309024993676,1.5991912625303275,-2.665581730414408,1.201784022612573,-1.8777629022291704,-2.403182613922461,0.7449279650070868,-2.343729338303853,0.8646071633992154,2.407893586400768,-0.050801171232235175
0.9915073900268904,0.9995129829853482,1.0223983294190568,IIII,-1.476041706712646,1.0890223846774534,2.737236304782143,2.899460490522604,0.4198083335841946,0.5455741649927912,-0.6400612929268661,2.2181354287911894,-2.2998439780835813,-0.2946787946149674,1.6362528414061774,0.771740632410554,0.9337438472327277
-0.0133305292654127,0.0054179298588707,-0.0056477102386227,IZII,1.7165202785897078,-0.9558496709617548,-0.4719309024993676,1.5991912625303275,-2.665581730414408,1.201784022612573,-1.8777629022291704,-2.403182613922461,0.7449279650070868,-2.343729338303853,0.8646071633992154,2.407893586400768,-0.002248955942960198
-0.279098903256599,-0.3274052553972593,-0.3338632014579588,YYYY,1.7165202785897078,-0.9558496709617548,-0.4719309024993676,1.5991912625303275,-2.665581730414408,1.201784022612573,-1.8777629022291704,-2.403182613922461,0.7449279650070868,-2.343729338303853,0.8646071633992154,2.407893586400768,-0.29427871568549574
-0.0784560265452114,-0.0974960219110377,-0.0766817663327904,ZIIZ,1.7165202785897078,-0.9558496709617548,-0.4719309024993676,1.5991912625303275,-2.665581730414408,1.201784022612573,-1.8777629022291704,-2.403182613922461,0.7449279650070868,-2.343729338303853,0.8646071633992154,2.407893586400768,-0.08046756965276376
0.3731227018842684,0.3825985467055516,0.3608207512458554,IIZI,-1.476041706712646,1.0890223846774534,2.737236304782143,2.899460490522604,0.4198083335841946,0.5455741649927912,-0.6400612929268661,2.2181354287911894,-2.2998439780835813,-0.2946787946149674,1.6362528414061774,0.771740632410554,0.4154898853254407
-0.1098364712526665,-0.1364855282672725,-0.1218185356418189,YYXX,1.7165202785897078,-0.9558496709617548,-0.4719309024993676,1.5991912625303275,-2.665581730414408,1.201784022612573,-1.8777629022291704,-2.403182613922461,0.7449279650070868,-2.343729338303853,0.8646071633992154,2.407893586400768,-0.11764171467392952
-0.5762463699076897,-0.6036122494625377,-0.5826753707729647,ZIII,-0.1319420664399855,0.593164390368583,0.1468727073580811,2.494326226371646,0.5716570544867294,-2.0420813568468628,-2.9882376830137223,-3.1036112110746576,1.9350561342561687,-0.8948490335137427,-1.2513078715067427,-1.7723851609045815,-0.6407729777361425
-0.1693292141261054,-0.1741510337108679,-0.1793767680377949,IZIZ,-1.476041706712646,1.0890223846774534,2.737236304782143,2.899460490522604,0.4198083335841946,0.5455741649927912,-0.6400612929268661,2.2181354287911894,-2.2998439780835813,-0.2946787946149674,1.6362528414061774,0.771740632410554,-0.1927868387448302
-0.2568735376029999,-0.2747698829380703,-0.2715598620123829,ZZII,1.7165202785897078,-0.9558496709617548,-0.4719309024993676,1.5991912625303275,-2.665581730414408,1.201784022612573,-1.8777629022291704,-2.403182613922461,0.7449279650070868,-2.343729338303853,0.8646071633992154,2.407893586400768,-0.28583924128749927
-0.4942332400267927,-0.5165202313465775,-0.5196136035472433,XXYY,-2.40647860973229,1.4687104190572071,-1.5989339537448632,1.5509631417217076,0.9015035130194552,-0.6904521295133113,-3.020095213431845,-2.892188068743069,-1.1365434964732568,-1.8874687634536076,-0.7163489109173082,-0.2879008980909932,-0.553377348560078
0.8725634012853503,0.8933970993859192,0.9165878321415192,IIIZ,-0.7514507793984935,2.6225486942019645,1.8239990256289271,1.857545166407987,-1.2797127265802124,2.574671094129457,0.1244229333334363,0.4079144822157947,-1.6362853826081647,0.9231294039797566,-2.303095126082866,-2.045483918722556,0.9295511590106514
-0.3314707833569742,-0.3884632979856251,-0.3549330857586589,XXXX,-2.40647860973229,1.4687104190572071,-1.5989339537448632,1.5509631417217076,0.9015035130194552,-0.6904521295133113,-3.020095213431845,-2.892188068743069,-1.1365434964732568,-1.8874687634536076,-0.7163489109173082,-0.2879008980909932,-0.36888853164700947
-0.4655527110335353,-0.4875077395239736,-0.4790505701322399,IIZI,1.7165202785897078,-0.9558496709617548,-0.4719309024993676,1.5991912625303275,-2.665581730414408,1.201784022612573,-1.8777629022291704,-2.403182613922461,0.7449279650070868,-2.343729338303853,0.8646071633992154,2.407893586400768,-0.5125671486304798
0.4160084681193964,0.444193222531705,0.4483874378253239,IZZI,-2.40647860973229,1.4687104190572071,-1.5989339537448632,1.5509631417217076,0.9015035130194552,-0.6904521295133113,-3.020095213431845,-2.892188068743069,-1.1365434964732568,-1.8874687634536076,-0.7163489109173082,-0.2879008980909932,0.4493110714500158
0.0055673992551435,0.0053920313475078,0.00400970959522,IZII,0.6225859588932741,2.27358835677378,2.2506224524152145,-3.000572705688277,-1.723274712072269,0.7355130683007043,2.684298022118311,-1.0962290834979966,1.607647907871013,-1.3438188019362334,-2.0059575403296943,1.7377989152283622,0.00614422872872998
0.1730968485120692,0.2019671604556698,0.1628275010515938,ZIZI,-2.40647860973229,1.4687104190572071,-1.5989339537448632,1.5509631417217076,0.9015035130194552,-0.6904521295133113,-3.020095213431845,-2.892188068743069,-1.1365434964732568,-1.8874687634536076,-0.7163489109173082,-0.2879008980909932,0.1830966694506066
1.0198754092870073,0.9889949047058336,1.005425124595227,IIII,-2.40647860973229,1.4687104190572071,-1.5989339537448632,1.5509631417217076,0.9015035130194552,-0.6904521295133113,-3.020095213431845,-2.892188068743069,-1.1365434964732568,-1.8874687634536076,-0.7163489109173082,-0.2879008980909932,0.9342030081659565
-0.2041193600978549,-0.2201144129697704,-0.2078941088410836,ZIII,0.6225859588932741,2.27358835677378,2.2506224524152145,-3.000572705688277,-1.723274712072269,0.7355130683007043,2.684298022118311,-1.0962290834979966,1.607647907871013,-1.3438188019362334,-2.0059575403296943,1.7377989152283622,-0.2224929715745947
-0.7675285042769887,-0.8168142651748006,-0.8220348715447794,IIZZ,-2.40647860973229,1.4687104190572071,-1.5989339537448632,1.5509631417217076,0.9015035130194552,-0.6904521295133113,-3.020095213431845,-2.892188068743069,-1.1365434964732568,-1.8874687634536076,-0.7163489109173082,-0.2879008980909932,-0.8939077122057149
-0.254083836188868,-0.2906174362687682,-0.3172774997433445,YYYY,0.6225859588932741,2.27358835677378,2.2506224524152145,-3.000572705688277,-1.723274712072269,0.7355130683007043,2.684298022118311,-1.0962290834979966,1.607647907871013,-1.3438188019362334,-2.0059575403296943,1.7377989152283622,-0.27157481538601136
-0.1496235081585771,-0.1839228103220769,-0.1775485099023149,IZIZ,-1.476041706712646,1.0890223846774534,2.737236304782143,2.899460490522604,0.4198083335841946,0.5455741649927912,-0.6400612929268661,2.2181354287911894,-2.2998439780835813,-0.2946787946149674,1.6362528414061774,0.771740632410554,-0.1626344288359646
0.2932493842776996,0.3313949998121229,0.3119913424484086,XXXX,0.6225859588932741,2.27358835677378,2.2506224524152145,-3.000572705688277,-1.723274712072269,0.7355130683007043,2.684298022118311,-1.0962290834979966,1.607647907871013,-1.3438188019362334,-2.0059575403296943,1.7377989152283622,0.32757400806628134
0.7024681236183097,0.7905618833086935,0.7859230041694918,YYXX,0.6225859588932741,2.27358835677378,2.2506224524152145,-3.000572705688277,-1.723274712072269,0.7355130683007043,2.684298022118311,-1.0962290834979966,1.607647907871013,-1.3438188019362334,-2.0059575403296943,1.7377989152283622,0.7734079554647613
0.1076675572054104,0.1360340389500253,0.1282079426435243,ZIZI,0.6225859588932741,2.27358835677378,2.2506224524152145,-3.000572705688277,-1.723274712072269,0.7355130683007043,2.684298022118311,-1.0962290834979966,1.607647907871013,-1.3438188019362334,-2.0059575403296943,1.7377989152283622,0.11704318654938231
0.987478611286585,1.0208302004818106,0.9902299196170382,IIII,1.7165202785897078,-0.9558496709617548,-0.4719309024993676,1.5991912625303275,-2.665581730414408,1.201784022612573,-1.8777629022291704,-2.403182613922461,0.7449279650070868,-2.343729338303853,0.8646071633992154,2.407893586400768,0.9289340792397678
-0.1637430688579771,-0.1676927683410822,-0.1609936603138166,ZIIZ,-2.40647860973229,1.4687104190572071,-1.5989339537448632,1.5509631417217076,0.9015035130194552,-0.6904521295133113,-3.020095213431845,-2.892188068743069,-1.1365434964732568,-1.8874687634536076,-0.7163489109173082,-0.2879008980909932,-0.17559343836752891
0.3950612478997666,0.45315949619346,0.4385910926353172,XXYY,-1.0888008445498365,-3.1029452494218117,-1.1712693232726077,2.010803652571645,-2.988584851685992,-1.453468283708913,-2.425932475573586,2.3111952672030167,2.176056437732089,2.618516841925752,2.5716287148691785,-1.7477657938656082,0.4556591541662576
-0.5505589378702088,-0.6038879431023405,-0.5789006711996618,ZZII,-1.0888008445498365,-3.1029452494218117,-1.1712693232726077,2.010803652571645,-2.988584851685992,-1.453468283708913,-2.425932475573586,2.3111952672030167,2.176056437732089,2.618516841925752,2.5716287148691785,-1.7477657938656082,-0.637752070957295
-0.3735153322585296,-0.3839272499095246,-0.4108366444216375,IZZI,-1.0888008445498365,-3.1029452494218117,-1.1712693232726077,2.010803652571645,-2.988584851685992,-1.453468283708913,-2.425932475573586,2.3111952672030167,2.176056437732089,2.618516841925752,2.5716287148691785,-1.7477657938656082,-0.4210201670829668
-0.054664126678908,-0.0743502637819037,-0.0630569613627826,IZIZ,0.6225859588932741,2.27358835677378,2.2506224524152145,-3.000572705688277,-1.723274712072269,0.7355130683007043,2.684298022118311,-1.0962290834979966,1.607647907871013,-1.3438188019362334,-2.0059575403296943,1.7377989152283622,-0.06236136307506837
0.4597617634312591,0.4449541265417822,0.4681864676114578,IIIZ,-1.0888008445498365,-3.1029452494218117,-1.1712693232726077,2.010803652571645,-2.988584851685992,-1.453468283708913,-2.425932475573586,2.3111952672030167,2.176056437732089,2.618516841925752,2.5716287148691785,-1.7477657938656082,0.5095211683723986
0.0412748728570916,0.0261361777417889,0.0091013822222505,ZIII,-0.9172116908539674,-1.5011457295198336,-2.009621507594134,-0.4514585105708928,-2.9405412476294503,0.189906191752716,-1.3539370203330408,0.3266932565809055,-0.9653685748975902,0.2255827032015855,1.393023458202407,0.045749515505038,0.050044997982425406
-0.7923794379779647,-0.8330741081745852,-0.8532864584399897,IIZZ,-1.0888008445498365,-3.1029452494218117,-1.1712693232726077,2.010803652571645,-2.988584851685992,-1.453468283708913,-2.425932475573586,2.3111952672030167,2.176056437732089,2.618516841925752,2.5716287148691785,-1.7477657938656082,-0.8757569471927127
-0.0462650424077547,-0.0501689841912668,-0.0681462698682664,ZIIZ,-0.9172116908539674,-1.5011457295198336,-2.009621507594134,-0.4514585105708928,-2.9405412476294503,0.189906191752716,-1.3539370203330408,0.3266932565809055,-0.9653685748975902,0.2255827032015855,1.393023458202407,0.045749515505038,-0.053660223328511315
-0.4471162177259515,-0.4446754753791471,-0.4637875488300674,IIZI,-1.0888008445498365,-3.1029452494218117,-1.1712693232726077,2.010803652571645,-2.988584851685992,-1.453468283708913,-2.425932475573586,2.3111952672030167,2.176056437732089,2.618516841925752,2.5716287148691785,-1.7477657938656082,-0.486872924293547
-0.5834917462277994,-0.6245994284783185,-0.6371617252417037,IZII,-2.40647860973229,1.4687104190572071,-1.5989339537448632,1.5509631417217076,0.9015035130194552,-0.6904521295133113,-3.020095213431845,-2.892188068743069,-1.1365434964732568,-1.8874687634536076,-0.7163489109173082,-0.2879008980909932,-0.6385027714672294
0.3203105681949063,0.348633683141464,0.324239480287373,YYYY,-0.9172116908539674,-1.5011457295198336,-2.009621507594134,-0.4514585105708928,-2.9405412476294503,0.189906191752716,-1.3539370203330408,0.3266932565809055,-0.9653685748975902,0.2255827032015855,1.393023458202407,0.045749515505038,0.36183830795960614
0.0660546197708763,0.0680645395945686,0.0980822446390495,YYXX,-0.9172116908539674,-1.5011457295198336,-2.009621507594134,-0.4514585105708928,-2.9405412476294503,0.189906191752716,-1.3539370203330408,0.3266932565809055,-0.9653685748975902,0.2255827032015855,1.393023458202407,0.045749515505038,0.09050255662993069
-0.0978049799169,-0.1362331256947857,-0.1100268169736727,XXXX,0.4503720442846557,-2.694143277649906,0.3749663433696417,-1.8245367350803272,1.8661907800222632,2.961720525269989,2.715248324023772,2.969456770926386,-0.6016858040543056,2.161652153396771,1.3459670373336907,2.41504387229976,-0.11345016925582167
0.3887939685451497,0.4488912211675273,0.4180481122725108,XXYY,-1.0888008445498365,-3.1029452494218117,-1.1712693232726077,2.010803652571645,-2.988584851685992,-1.453468283708913,-2.425932475573586,2.3111952672030167,2.176056437732089,2.618516841925752,2.5716287148691785,-1.7477657938656082,0.45519771810836135
-0.0833363790822329,-0.0811176405024898,-0.0739044706806339,IZZI,-0.9172116908539674,-1.5011457295198336,-2.009621507594134,-0.4514585105708928,-2.9405412476294503,0.189906191752716,-1.3539370203330408,0.3266932565809055,-0.9653685748975902,0.2255827032015855,1.393023458202407,0.045749515505038,-0.09093826181245764
0.0651360757188594,0.0219230116451229,0.0050939061373807,ZZII,-0.9172116908539674,-1.5011457295198336,-2.009621507594134,-0.4514585105708928,-2.9405412476294503,0.189906191752716,-1.3539370203330408,0.3266932565809055,-0.9653685748975902,0.2255827032015855,1.393023458202407,0.045749515505038,0.08319605730604715
0.1041956588957522,0.1422793127336899,0.1445172445207772,ZIZI,0.4503720442846557,-2.694143277649906,0.3749663433696417,-1.8245367350803272,1.8661907800222632,2.961720525269989,2.715248324023772,2.969456770926386,-0.6016858040543056,2.161652153396771,1.3459670373336907,2.41504387229976,0.11494328958231959
-0.1901420503638747,-0.2058657642096734,-0.1822163030221978,IIZI,0.4503720442846557,-2.694143277649906,0.3749663433696417,-1.8245367350803272,1.8661907800222632,2.961720525269989,2.715248324023772,2.969456770926386,-0.6016858040543056,2.161652153396771,1.3459670373336907,2.41504387229976,-0.21253908033170074
-0.058686188712129,-0.0601904821587532,-0.0455682142143996,IIIZ,0.4503720442846557,-2.694143277649906,0.3749663433696417,-1.8245367350803272,1.8661907800222632,2.961720525269989,2.715248324023772,2.969456770926386,-0.6016858040543056,2.161652153396771,1.3459670373336907,2.41504387229976,-0.062153907975303575
0.9926715379010644,0.9824538171309776,1.012086540922667,IIII,0.6225859588932741,2.27358835677378,2.2506224524152145,-3.000572705688277,-1.723274712072269,0.7355130683007043,2.684298022118311,-1.0962290834979966,1.607647907871013,-1.3438188019362334,-2.0059575403296943,1.7377989152283622,0.9249948704710491
0.4378804325000886,0.4930190892256618,0.5119005673249706,IZII,-0.9172116908539674,-1.5011457295198336,-2.009621507594134,-0.4514585105708928,-2.9405412476294503,0.189906191752716,-1.3539370203330408,0.3266932565809055,-0.9653685748975902,0.2255827032015855,1.393023458202407,0.045749515505038,0.4840550818838082
-0.1284902526869769,-0.1317512515503901,-0.149802748264337,IZIZ,0.4503720442846557,-2.694143277649906,0.3749663433696417,-1.8245367350803272,1.8661907800222632,2.961720525269989,2.715248324023772,2.969456770926386,-0.6016858040543056,2.161652153396771,1.3459670373336907,2.41504387229976,-0.13909652406171866
-0.6202234082034923,-0.6994594428810211,-0.6911302847934422,ZIII,0.4503720442846557,-2.694143277649906,0.3749663433696417,-1.8245367350803272,1.8661907800222632,2.961720525269989,2.715248324023772,2.969456770926386,-0.6016858040543056,2.161652153396771,1.3459670373336907,2.41504387229976,-0.6874266888628555
-0.0472213552741567,-0.0431696051855968,-0.0498722928870847,IIZZ,-1.5779620123178053,-0.190372452949548,-2.023714212342876,-1.2521216301867382,-1.199941321552948,-0.6159163128362803,2.119569225920164,-2.385268306777108,-0.3327711718785857,1.9845288774001384,0.8746057929074436,1.1852709199485778,-0.051146758512029766
-0.0893441616835359,-0.1199268892158684,-0.1445950947433536,XXXX,0.4503720442846557,-2.694143277649906,0.3749663433696417,-1.8245367350803272,1.8661907800222632,2.961720525269989,2.715248324023772,2.969456770926386,-0.6016858040543056,2.161652153396771,1.3459670373336907,2.41504387229976,-0.10986224481365608
-0.2036497098134657,-0.2468509726175213,-0.2422576774972678,ZIIZ,-1.5779620123178053,-0.190372452949548,-2.023714212342876,-1.2521216301867382,-1.199941321552948,-0.6159163128362803,2.119569225920164,-2.385268306777108,-0.3327711718785857,1.9845288774001384,0.8746057929074436,1.1852709199485778,-0.22334276667638764
-0.3113423861578527,-0.3229150560000851,-0.2983950098077788,ZZII,-0.1105506508590221,1.8762259327074329,-1.0419447518036855,-2.021965657850595,-0.1904608439170383,-0.8926809468446244,-0.8539795204851979,1.2929982570978948,2.0474608921353497,-2.2342574647066256,-1.0213208818757558,2.887877880546575,-0.34048856997833304
0.340893220196984,0.3801726052734665,0.3592646040933732,YYYY,-1.5779620123178053,-0.190372452949548,-2.023714212342876,-1.2521216301867382,-1.199941321552948,-0.6159163128362803,2.119569225920164,-2.385268306777108,-0.3327711718785857,1.9845288774001384,0.8746057929074436,1.1852709199485778,0.3687067114245998
0.1522949515754537,0.148351006435534,0.17487559873844,XXYY,-1.5779620123178053,-0.190372452949548,-2.023714212342876,-1.2521216301867382,-1.199941321552948,-0.6159163128362803,2.119569225920164,-2.385268306777108,-0.3327711718785857,1.9845288774001384,0.8746057929074436,1.1852709199485778,0.16485551849789393
0.5408900219049286,0.6117233111587542,0.5966797105460077,YYXX,-1.0888008445498365,-3.1029452494218117,-1.1712693232726077,2.010803652571645,-2.988584851685992,-1.453468283708913,-2.425932475573586,2.3111952672030167,2.176056437732089,2.618516841925752,2.5716287148691785,-1.7477657938656082,0.6000478758018871
0.2704164735288538,0.2851022126622516,0.3049861764006332,IZZI,-1.5779620123178053,-0.190372452949548,-2.023714212342876,-1.2521216301867382,-1.199941321552948,-0.6159163128362803,2.119569225920164,-2.385268306777108,-0.3327711718785857,1.9845288774001384,0.8746057929074436,1.1852709199485778,0.28047396209423625
-0.5164051078000578,-0.5121981163753443,-0.5162321605895375,IIIZ,-0.1105506508590221,1.8762259327074329,-1.0419447518036855,-2.021965657850595,-0.1904608439170383,-0.8926809468446244,-0.8539795204851979,1.2929982570978948,2.0474608921353497,-2.2342574647066256,-1.0213208818757558,2.887877880546575,-0.5554452764376265
0.0514412093922887,0.076943807702321,0.0730571465410549,ZIZI,-1.5779620123178053,-0.190372452949548,-2.023714212342876,-1.2521216301867382,-1.199941321552948,-0.6159163128362803,2.119569225920164,-2.385268306777108,-0.3327711718785857,1.9845288774001384,0.8746057929074436,1.1852709199485778,0.06436101852782666
1.0013833708138151,0.9868446877876168,1.0077604129096192,IIII,-1.5779620123178053,-0.190372452949548,-2.023714212342876,-1.2521216301867382,-1.199941321552948,-0.6159163128362803,2.119569225920164,-2.385268306777108,-0.3327711718785857,1.9845288774001384,0.8746057929074436,1.1852709199485778,0.938590438011702
-0.0679248212302262,-0.0908492028036755,-0.110186642252829,IZII,-0.1105506508590221,1.8762259327074329,-1.0419447518036855,-2.021965657850595,-0.1904608439170383,-0.8926809468446244,-0.8539795204851979,1.2929982570978948,2.0474608921353497,-2.2342574647066256,-1.0213208818757558,2.887877880546575,-0.0714858666893948
-0.1709901303011651,-0.1516716165838921,-0.1657180875327811,IIZZ,-0.1105506508590221,1.8762259327074329,-1.0419447518036855,-2.021965657850595,-0.1904608439170383,-0.8926809468446244,-0.8539795204851979,1.2929982570978948,2.0474608921353497,-2.2342574647066256,-1.0213208818757558,2.887877880546575,-0.19968205756794466
-0.4346299936220934,-0.4860071784137206,-0.4668862406527808,IZIZ,-0.9172116908539674,-1.5011457295198336,-2.009621507594134,-0.4514585105708928,-2.9405412476294503,0.189906191752716,-1.3539370203330408,0.3266932565809055,-0.9653685748975902,0.2255827032015855,1.393023458202407,0.045749515505038,-0.4704840939539242
0.3752615147747329,0.4170045455811101,0.4002531294266896,ZIII,-0.1105506508590221,1.8762259327074329,-1.0419447518036855,-2.021965657850595,-0.1904608439170383,-0.8926809468446244,-0.8539795204851979,1.2929982570978948,2.0474608921353497,-2.2342574647066256,-1.0213208818757558,2.887877880546575,0.4057865530666961
0.1949699390938112,0.2084985078685256,0.202423433426791,YYYY,-0.1105506508590221,1.8762259327074329,-1.0419447518036855,-2.021965657850595,-0.1904608439170383,-0.8926809468446244,-0.8539795204851979,1.2929982570978948,2.0474608921353497,-2.2342574647066256,-1.0213208818757558,2.887877880546575,0.21018744170193884
-0.4500900938634949,-0.4898366609549786,-0.4937145174437577,IIZI,-0.795286687569345,2.115674356958792,-2.8211711688696117,-2.2784423291037488,-2.258189796458932,-1.4006111598019138,2.291238888599807,0.0859896845375534,-1.1223402972103589,1.0926783192464151,2.961055145027633,2.8074266751849644,-0.501057844480387
-0.1232606084932111,-0.1630127546399364,-0.129431732782671,IZZI,0.4503720442846557,-2.694143277649906,0.3749663433696417,-1.8245367350803272,1.8661907800222632,2.961720525269989,2.715248324023772,2.969456770926386,-0.6016858040543056,2.161652153396771,1.3459670373336907,2.41504387229976,-0.13708657715665015
0.144666521647727,0.1604174287504159,0.1702192395299627,XXYY,-0.1105506508590221,1.8762259327074329,-1.0419447518036855,-2.021965657850595,-0.1904608439170383,-0.8926809468446244,-0.8539795204851979,1.2929982570978948,2.0474608921353497,-2.2342574647066256,-1.0213208818757558,2.887877880546575,0.15783234774778065
-0.1247860345176752,-0.137238332695841,-0.129553574555925,ZIIZ,-0.795286687569345,2.115674356958792,-2.8211711688696117,-2.2784423291037488,-2.258189796458932,-1.4006111598019138,2.291238888599807,0.0859896845375534,-1.1223402972103589,1.0926783192464151,2.961055145027633,2.8074266751849644,-0.14505368002895178
0.2537125330155761,0.3262073741899892,0.286337286179696,YYXX,-0.795286687569345,2.115674356958792,-2.8211711688696117,-2.2784423291037488,-2.258189796458932,-1.4006111598019138,2.291238888599807,0.0859896845375534,-1.1223402972103589,1.0926783192464151,2.961055145027633,2.8074266751849644,0.28501022785826985
-0.2385428059162697,-0.2552245967017578,-0.2502565582128377,XXXX,-0.795286687569345,2.115674356958792,-2.8211711688696117,-2.2784423291037488,-2.258189796458932,-1.4006111598019138,2.291238888599807,0.0859896845375534,-1.1223402972103589,1.0926783192464151,2.961055145027633,2.8074266751849644,-0.25719899975039273
-0.32431670379702,-0.3858546784611696,-0.3713828358105187,ZIZI,-0.795286687569345,2.115674356958792,-2.8211711688696117,-2.2784423291037488,-2.258189796458932,-1.4006111598019138,2.291238888599807,0.0859896845375534,-1.1223402972103589,1.0926783192464151,2.961055145027633,2.8074266751849644,-0.36552277207035383
0.1901510719670795,0.2221982917073275,0.2230476125341896,ZZII,-0.795286687569345,2.115674356958792,-2.8211711688696117,-2.2784423291037488,-2.258189796458932,-1.4006111598019138,2.291238888599807,0.0859896845375534,-1.1223402972103589,1.0926783192464151,2.961055145027633,2.8074266751849644,0.20439426436640182
0.99010313716001,0.9994679390979356,1.0243746739279145,IIII,-2.4644304189803927,0.0917854737376258,-2.2000552235910438,1.556157032859426,-0.5767826775446352,-1.9119933331812735,2.3735779669628227,-1.4247343543743314,-2.174678236287451,1.9594173507761328,-0.8231638580068252,2.7221495431307288,0.9334423779407518
0.4299200595591893,0.4319010028937062,0.4129023965344506,IIIZ,-1.5779620123178053,-0.190372452949548,-2.023714212342876,-1.2521216301867382,-1.199941321552948,-0.6159163128362803,2.119569225920164,-2.385268306777108,-0.3327711718785857,1.9845288774001384,0.8746057929074436,1.1852709199485778,0.4693993159966866
-0.4366379283614707,-0.4839169690187005,-0.4988231270055758,IIZI,-0.795286687569345,2.115674356958792,-2.8211711688696117,-2.2784423291037488,-2.258189796458932,-1.4006111598019138,2.291238888599807,0.0859896845375534,-1.1223402972103589,1.0926783192464151,2.961055145027633,2.8074266751849644,-0.4782716396407436
-0.8214097839624922,-0.8836019789553747,-0.8705074811368253,IIZZ,-2.4644304189803927,0.0917854737376258,-2.2000552235910438,1.556157032859426,-0.5767826775446352,-1.9119933331812735,2.3735779669628227,-1.4247343543743314,-2.174678236287451,1.9594173507761328,-0.8231638580068252,2.7221495431307288,-0.8831970161664437
0.0015630065246511,-0.0182439496854379,-0.009809579227531,YYYY,-1.0832546762604007,0.8813281283030099,-0.9177382304112128,-0.8779753865724591,3.125301336514946,2.985915503927404,-2.744892362933123,-1.836152683382966,-1.1107359736153897,-0.4372273586305084,0.3340483674561674,1.1148342213791045,0.0072963031860539705
0.3158326502434574,0.3534505670698402,0.3433864157829654,IZIZ,-2.4644304189803927,0.0917854737376258,-2.2000552235910438,1.556157032859426,-0.5767826775446352,-1.9119933331812735,2.3735779669628227,-1.4247343543743314,-2.174678236287451,1.9594173507761328,-0.8231638580068252,2.7221495431307288,0.35397486646914067
0.1734319227168447,0.1653535648853163,0.1685767966846557,XXYY,-0.1105506508590221,1.8762259327074329,-1.0419447518036855,-2.021965657850595,-0.1904608439170383,-0.8926809468446244,-0.8539795204851979,1.2929982570978948,2.0474608921353497,-2.2342574647066256,-1.0213208818757558,2.887877880546575,0.18248246503554189
0.2164094265210215,0.2253023873665669,0.2441341526879704,IZII,-2.4644304189803927,0.0917854737376258,-2.2000552235910438,1.556157032859426,-0.5767826775446352,-1.9119933331812735,2.3735779669628227,-1.4247343543743314,-2.174678236287451,1.9594173507761328,-0.8231638580068252,2.7221495431307288,0.23896361963838164
0.5409634172365743,0.5960031066049928,0.5884187842588076,XXXX,-1.0832546762604007,0.8813281283030099,-0.9177382304112128,-0.8779753865724591,3.125301336514946,2.985915503927404,-2.744892362933123,-1.836152683382966,-1.1107359736153897,-0.4372273586305084,0.3340483674561674,1.1148342213791045,0.6057566018890151
-0.2164658995468688,-0.2449449011363799,-0.221257773852912,ZIII,-2.4644304189803927,0.0917854737376258,-2.2000552235910438,1.556157032859426,-0.5767826775446352,-1.9119933331812735,2.3735779669628227,-1.4247343543743314,-2.174678236287451,1.9594173507761328,-0.8231638580068252,2.7221495431307288,-0.23865237493403796
-0.3664576558889907,-0.4030241314218553,-0.3713642931329007,ZIIZ,-2.4644304189803927,0.0917854737376258,-2.2000552235910438,1.556157032859426,-0.5767826775446352,-1.9119933331812735,2.3735779669628227,-1.4247343543743314,-2.174678236287451,1.9594173507761328,-0.8231638580068252,2.7221495431307288,-0.4044565690040575
0.0194413774149573,0.0047603515296933,-0.0007641651794723,ZIZI,-1.0832546762604007,0.8813281283030099,-0.9177382304112128,-0.8779753865724591,3.125301336514946,2.985915503927404,-2.744892362933123,-1.836152683382966,-1.1107359736153897,-0.4372273586305084,0.3340483674561674,1.1148342213791045,0.022931645417004817
0.5169496862501606,0.5886945273322798,0.5892385603390347,YYXX,-2.4644304189803927,0.0917854737376258,-2.2000552235910438,1.556157032859426,-0.5767826775446352,-1.9119933331812735,2.3735779669628227,-1.4247343543743314,-2.174678236287451,1.9594173507761328,-0.8231638580068252,2.7221495431307288,0.5681604428212342
0.9979712341771813,0.9756455957610658,1.0001758414744737,IIII,-1.0832546762604007,0.8813281283030099,-0.9177382304112128,-0.8779753865724591,3.125301336514946,2.985915503927404,-2.744892362933123,-1.836152683382966,-1.1107359736153897,-0.4372273586305084,0.3340483674561674,1.1148342213791045,0.9333305416734474
0.2886093230026118,0.2810247766402316,0.2883609127024013,IIZI,-1.0832546762604007,0.8813281283030099,-0.9177382304112128,-0.8779753865724591,3.125301336514946,2.985915503927404,-2.744892362933123,-1.836152683382966,-1.1107359736153897,-0.4372273586305084,0.3340483674561674,1.1148342213791045,0.32165295586272846
-0.1639616529297015,-0.2132979956337664,-0.1672959977086059,IZZI,-1.9985428701498824,-1.3210612782895697,3.1233421694402645,-1.92079535682997,-1.6422403215923724,-1.4243970053145538,2.926139877923044,-0.98533982014547,0.9130823522027364,0.9561369229542692,1.6944419391082004,0.8195306582649025,-0.17675188104827022
0.1938058472325375,0.1776444783775129,0.2002911032948446,IIZZ,-1.0832546762604007,0.8813281283030099,-0.9177382304112128,-0.8779753865724591,3.125301336514946,2.985915503927404,-2.744892362933123,-1.836152683382966,-1.1107359736153897,-0.4372273586305084,0.3340483674561674,1.1148342213791045,0.21444236762809404
0.3296209165259862,0.357240458664196,0.3373302236673302,IZIZ,-1.0832546762604007,0.8813281283030099,-0.9177382304112128,-0.8779753865724591,3.125301336514946,2.985915503927404,-2.744892362933123,-1.836152683382966,-1.1107359736153897,-0.4372273586305084,0.3340483674561674,1.1148342213791045,0.36088401115734536
0.1886823106200835,0.2231195968500153,0.186597957347827,ZZII,-0.795286687569345,2.115674356958792,-2.8211711688696117,-2.2784423291037488,-2.258189796458932,-1.4006111598019138,2.291238888599807,0.0859896845375534,-1.1223402972103589,1.0926783192464151,2.961055145027633,2.8074266751849644,0.20461523919242885
0.3655010633411964,0.3662402119525031,0.3642071619519952,IIIZ,-1.9985428701498824,-1.3210612782895697,3.1233421694402645,-1.92079535682997,-1.6422403215923724,-1.4243970053145538,2.926139877923044,-0.98533982014547,0.9130823522027364,0.9561369229542692,1.6944419391082004,0.8195306582649025,0.39732479643004565
0.2938764342989535,0.3385870381822618,0.3114831893900763,YYYY,1.3092444086590076,-1.897343964484915,-1.0215959310517704,0.3881352249084453,0.0744336937266414,2.9477974978887325,-2.3789111011432524,-0.8338668418527417,1.8781602719192405,-1.8343440876982384,-1.7570793912949527,1.828892840620376,0.3159415326642221
-0.0319435379861112,-0.0237479645448502,-0.0399349553719917,IZII,-1.9985428701498824,-1.3210612782895697,3.1233421694402645,-1.92079535682997,-1.6422403215923724,-1.4243970053145538,2.926139877923044,-0.98533982014547,0.9130823522027364,0.9561369229542692,1.6944419391082004,0.8195306582649025,-0.028577273794847043
0.1678254373239074,0.1920337265398409,0.2062936933015872,ZIIZ,-1.9985428701498824,-1.3210612782895697,3.1233421694402645,-1.92079535682997,-1.6422403215923724,-1.4243970053145538,2.926139877923044,-0.98533982014547,0.9130823522027364,0.9561369229542692,1.6944419391082004,0.8195306582649025,0.18610917845527275
0.3812376988816048,0.3942634763902928,0.4018573994981851,ZIII,-1.9985428701498824,-1.3210612782895697,3.1233421694402645,-1.92079535682997,-1.6422403215923724,-1.4243970053145538,2.926139877923044,-0.98533982014547,0.9130823522027364,0.9561369229542692,1.6944419391082004,0.8195306582649025,0.4131997494859235
-0.299402474139321,-0.3189246882809188,-0.3476412594457769,IZZI,1.3092444086590076,-1.897343964484915,-1.0215959310517704,0.3881352249084453,0.0744336937266414,2.9477974978887325,-2.3789111011432524,-0.8338668418527417,1.8781602719192405,-1.8343440876982384,-1.7570793912949527,1.828892840620376,-0.32659331850288226
-0.3003169493952753,-0.319374109324759,-0.3142570496407871,ZIZI,-0.3416740894715953,2.199978820028676,-0.7468252157294111,-2.5204260022952214,-0.7166930197685097,-0.3046383520161964,-1.4271643160271543,-1.8291452854606007,1.1767105098611932,1.4479450858892893,1.5878473356718912,0.0141503083483423,-0.33461051796518454
-0.1351271982535247,-0.1908249092533231,-0.1590415496152179,ZZII,1.3092444086590076,-1.897343964484915,-1.0215959310517704,0.3881352249084453,0.0744336937266414,2.9477974978887325,-2.3789111011432524,-0.8338668418527417,1.8781602719192405,-1.8343440876982384,-1.7570793912949527,1.828892840620376,-0.14659887176709724
-0.1786686015427852,-0.1964741171668295,-0.1929586915270489,XXYY,-1.9985428701498824,-1.3210612782895697,3.1233421694402645,-1.92079535682997,-1.6422403215923724,-1.4243970053145538,2.926139877923044,-0.98533982014547,0.9130823522027364,0.9561369229542692,1.6944419391082004,0.8195306582649025,-0.20066982518124266
0.4821702656957792,0.5537106268355481,0.5357428467707221,XXXX,-2.4644304189803927,0.0917854737376258,-2.2000552235910438,1.556157032859426,-0.5767826775446352,-1.9119933331812735,2.3735779669628227,-1.4247343543743314,-2.174678236287451,1.9594173507761328,-0.8231638580068252,2.7221495431307288,0.5158190763894435
-0.3692941222915789,-0.4088692707793085,-0.3787947584561126,YYXX,-1.9985428701498824,-1.3210612782895697,3.1233421694402645,-1.92079535682997,-1.6422403215923724,-1.4243970053145538,2.926139877923044,-0.98533982014547,0.9130823522027364,0.9561369229542692,1.6944419391082004,0.8195306582649025,-0.4123572035063461
1.0225652076879663,1.0019732411970468,0.9681378461736764,IIII,1.3092444086590076,-1.897343964484915,-1.0215959310517704,0.3881352249084453,0.0744336937266414,2.9477974978887325,-2.3789111011432524,-0.8338668418527417,1.8781602719192405,-1.8343440876982384,-1.7570793912949527,1.828892840620376,0.9300934377870211
-0.8110113294557847,-0.8480803448354839,-0.8500078270385447,IIIZ,1.3092444086590076,-1.897343964484915,-1.0215959310517704,0.3881352249084453,0.0744336937266414,2.9477974978887325,-2.3789111011432524,-0.8338668418527417,1.8781602719192405,-1.8343440876982384,-1.7570793912949527,1.828892840620376,-0.8816470421700927
-0.2072798188582147,-0.2265738585336906,-0.2241672321140979,IIZI,-0.3416740894715953,2.199978820028676,-0.7468252157294111,-2.5204260022952214,-0.7166930197685097,-0.3046383520161964,-1.4271643160271543,-1.8291452854606007,1.1767105098611932,1.4479450858892893,1.5878473356718912,0.0141503083483423,-0.22427415041728277
0.6408971841955065,0.6964874070328112,0.6824001919797762,IZII,-0.3416740894715953,2.199978820028676,-0.7468252157294111,-2.5204260022952214,-0.7166930197685097,-0.3046383520161964,-1.4271643160271543,-1.8291452854606007,1.1767105098611932,1.4479450858892893,1.5878473356718912,0.0141503083483423,0.719479362781331
-0.0318492206795196,-0.0287501601686006,-0.0343694345482488,ZIII,-1.0832546762604007,0.8813281283030099,-0.9177382304112128,-0.8779753865724591,3.125301336514946,2.985915503927404,-2.744892362933123,-1.836152683382966,-1.1107359736153897,-0.4372273586305084,0.3340483674561674,1.1148342213791045,-0.027145835847993204
0.2025898566112134,0.254917169023908,0.2265094639530988,ZIIZ,1.3092444086590076,-1.897343964484915,-1.0215959310517704,0.3881352249084453,0.0744336937266414,2.9477974978887325,-2.3789111011432524,-0.8338668418527417,1.8781602719192405,-1.8343440876982384,-1.7570793912949527,1.828892840620376,0.21651908256004634
-0.7864885035960679,-0.8665439336142189,-0.8583397016156851,IZIZ,1.3092444086590076,-1.897343964484915,-1.0215959310517704,0.3881352249084453,0.0744336937266414,2.9477974978887325,-2.3789111011432524,-0.8338668418527417,1.8781602719192405,-1.8343440876982384,-1.7570793912949527,1.828892840620376,-0.8821074959542574
-0.3593740537355703,-0.4055494024079167,-0.3892088207580744,YYYY,-0.3416740894715953,2.199978820028676,-0.7468252157294111,-2.5204260022952214,-0.7166930197685097,-0.3046383520161964,-1.4271643160271543,-1.8291452854606007,1.1767105098611932,1.4479450858892893,1.5878473356718912,0.0141503083483423,-0.39442151772502876
0.0249950862974931,0.019654405634677,0.0109267003172612,XXYY,-0.3416740894715953,2.199978820028676,-0.7468252157294111,-2.5204260022952214,-0.7166930197685097,-0.3046383520161964,-1.4271643160271543,-1.8291452854606007,1.1767105098611932,1.4479450858892893,1.5878473356718912,0.0141503083483423,0.021551326210929
-0.2363098291598518,-0.2620537616331543,-0.2716922187769146,IIZZ,2.702600422868638,0.1820023766712482,1.906251463657828,0.5875725948169181,-0.3326908640437516,1.261581451410135,0.2471350650049273,2.369746159845656,1.2107938262601312,1.033147904418274,2.616017642376651,1.864035648327241,-0.25810623527095417
-0.2843437862363756,-0.3086989457115807,-0.3343326206543709,ZIZI,-0.3416740894715953,2.199978820028676,-0.7468252157294111,-2.5204260022952214,-0.7166930197685097,-0.3046383520161964,-1.4271643160271543,-1.8291452854606007,1.1767105098611932,1.4479450858892893,1.5878473356718912,0.0141503083483423,-0.32930313075432127
0.2919465604471296,0.3403045801792345,0.3138180096667921,ZZII,-0.3416740894715953,2.199978820028676,-0.7468252157294111,-2.5204260022952214,-0.7166930197685097,-0.3046383520161964,-1.4271643160271543,-1.8291452854606007,1.1767105098611932,1.4479450858892893,1.5878473356718912,0.0141503083483423,0.32155976518149615
0.0674927316925527,0.0995294722558345,0.0907015865326019,YYXX,2.702600422868638,0.1820023766712482,1.906251463657828,0.5875725948169181,-0.3326908640437516,1.261581451410135,0.2471350650049273,2.369746159845656,1.2107938262601312,1.033147904418274,2.616017642376651,1.864035648327241,0.08462089979754314
-0.1607493573072677,-0.1771514966482851,-0.1933246826973189,IZZI,-1.9985428701498824,-1.3210612782895697,3.1233421694402645,-1.92079535682997,-1.6422403215923724,-1.4243970053145538,2.926139877923044,-0.98533982014547,0.9130823522027364,0.9561369229542692,1.6944419391082004,0.8195306582649025,-0.17566481683539467
0.4320523708697373,0.4946472749155033,0.489391219050701,XXXX,2.702600422868638,0.1820023766712482,1.906251463657828,0.5875725948169181,-0.3326908640437516,1.261581451410135,0.2471350650049273,2.369746159845656,1.2107938262601312,1.033147904418274,2.616017642376651,1.864035648327241,0.47401395080667647
-0.0533735856168146,-0.052647501017054,-0.0444841093530674,IIZI,1.1847631011752124,1.4749342004286865,2.6712937010510176,1.1265589477236846,2.854885835678518,-1.460853791840507,-1.614241521202339,1.9866517221487203,3.1214703473374605,0.2651612498665345,1.937982742835775,-2.88636543921225,-0.06478449457769667
0.9969053587879412,0.9969795839438512,1.0175249067040923,IIII,2.702600422868638,0.1820023766712482,1.906251463657828,0.5875725948169181,-0.3326908640437516,1.261581451410135,0.2471350650049273,2.369746159845656,1.2107938262601312,1.033147904418274,2.616017642376651,1.864035648327241,0.9286310596710544
-0.129981128652025,-0.130407031592719,-0.1305582548171232,IIIZ,2.702600422868638,0.1820023766712482,1.906251463657828,0.5875725948169181,-0.3326908640437516,1.261581451410135,0.2471350650049273,2.369746159845656,1.2107938262601312,1.033147904418274,2.616017642376651,1.864035648327241,-0.1373011156994244
0.4995442547070995,0.5798729145506973,0.5793421573401293,IZIZ,1.1847631011752124,1.4749342004286865,2.6712937010510176,1.1265589477236846,2.854885835678518,-1.460853791840507,-1.614241521202339,1.9866517221487203,3.1214703473374605,0.2651612498665345,1.937982742835775,-2.88636543921225,0.5578510178394646
-0.2090235064362373,-0.2323586966168337,-0.1982178670892365,ZIII,1.3092444086590076,-1.897343964484915,-1.0215959310517704,0.3881352249084453,0.0744336937266414,2.9477974978887325,-2.3789111011432524,-0.8338668418527417,1.8781602719192405,-1.8343440876982384,-1.7570793912949527,1.828892840620376,-0.23034941481850393
-0.8177797760259802,-0.941787632638905,-0.9448970113325136,ZIIZ,1.1847631011752124,1.4749342004286865,2.6712937010510176,1.1265589477236846,2.854885835678518,-1.460853791840507,-1.614241521202339,1.9866517221487203,3.1214703473374605,0.2651612498665345,1.937982742835775,-2.88636543921225,-0.8936612220397258
0.1186897664381194,0.1079629403568072,0.0918193958263774,XXYY,1.1847631011752124,1.4749342004286865,2.6712937010510176,1.1265589477236846,2.854885835678518,-1.460853791840507,-1.614241521202339,1.9866517221487203,3.1214703473374605,0.2651612498665345,1.937982742835775,-2.88636543921225,0.12000598962992039
0.5644711773542995,0.6224295285855682,0.6328932245458994,YYXX,1.1847631011752124,1.4749342004286865,2.6712937010510176,1.1265589477236846,2.854885835678518,-1.460853791840507,-1.614241521202339,1.9866517221487203,3.1214703473374605,0.2651612498665345,1.937982742835775,-2.88636543921225,0.6020558632281461
-0.2406471314915254,-0.276363540681096,-0.2696396390943951,IZZI,-0.3416740894715953,2.199978820028676,-0.7468252157294111,-2.5204260022952214,-0.7166930197685097,-0.3046383520161964,-1.4271643160271543,-1.8291452854606007,1.1767105098611932,1.4479450858892893,1.5878473356718912,0.0141503083483423,-0.26515967606933066
-0.2173181357597203,-0.2514721834376029,-0.2359757667060529,IIZZ,2.702600422868638,0.1820023766712482,1.906251463657828,0.5875725948169181,-0.3326908640437516,1.261581451410135,0.2471350650049273,2.369746159845656,1.2107938262601312,1.033147904418274,2.616017642376651,1.864035648327241,-0.24845826000695367
-0.357244461669876,-0.4237881273698483,-0.3953482067220691,YYYY,2.3409367109186308,1.7305569041839377,0.2531561896628842,-0.9988049396995956,-0.4137655800976003,-2.584574302846834,0.1025843074371359,-0.0674119605242244,0.3098394226272352,3.052083600695939,3.071690855988324,-0.0269293597335722,-0.3945637387528034
0.1860027104176133,0.2498159184041773,0.2538194442342932,IZII,2.702600422868638,0.1820023766712482,1.906251463657828,0.5875725948169181,-0.3326908640437516,1.261581451410135,0.2471350650049273,2.369746159845656,1.2107938262601312,1.033147904418274,2.616017642376651,1.864035648327241,0.20922092087909683
0.8525899183673931,0.9160201419625812,0.9199291702233592,XXXX,2.3409367109186308,1.7305569041839377,0.2531561896628842,-0.9988049396995956,-0.4137655800976003,-2.584574302846834,0.1025843074371359,-0.0674119605242244,0.3098394226272352,3.052083600695939,3.071690855988324,-0.0269293597335722,0.9319105530065006
-0.0431213746244511,-0.0422312904524289,-0.0402416430901861,IIZI,1.1847631011752124,1.4749342004286865,2.6712937010510176,1.1265589477236846,2.854885835678518,-1.460853791840507,-1.614241521202339,1.9866517221487203,3.1214703473374605,0.2651612498665345,1.937982742835775,-2.88636543921225,-0.06187950810295125
-0.4809713494841709,-0.516835342502226,-0.4930914268148027,ZIZI,2.3409367109186308,1.7305569041839377,0.2531561896628842,-0.9988049396995956,-0.4137655800976003,-2.584574302846834,0.1025843074371359,-0.0674119605242244,0.3098394226272352,3.052083600695939,3.071690855988324,-0.0269293597335722,-0.5252311851208366
-0.0001018118550553,0.0099005168967439,0.0141059133984207,ZZII,2.3409367109186308,1.7305569041839377,0.2531561896628842,-0.9988049396995956,-0.4137655800976003,-2.584574302846834,0.1025843074371359,-0.0674119605242244,0.3098394226272352,3.052083600695939,3.071690855988324,-0.0269293597335722,0.006288770409114048
0.5263950257312907,0.5833480910784725,0.5486033441843898,IZII,1.1847631011752124,1.4749342004286865,2.6712937010510176,1.1265589477236846,2.854885835678518,-1.460853791840507,-1.614241521202339,1.9866517221487203,3.1214703473374605,0.2651612498665345,1.937982742835775,-2.88636543921225,0.5846522335429258
1.0082595151033067,0.9973595586974504,1.0094775225449577,IIII,2.3409367109186308,1.7305569041839377,0.2531561896628842,-0.9988049396995956,-0.4137655800976003,-2.584574302846834,0.1025843074371359,-0.0674119605242244,0.3098394226272352,3.052083600695939,3.071690855988324,-0.0269293597335722,0.9330240419286986
-0.1234955682698494,-0.1377240952958005,-0.1446585418014694,IIIZ,2.702600422868638,0.1820023766712482,1.906251463657828,0.5875725948169181,-0.3326908640437516,1.261581451410135,0.2471350650049273,2.369746159845656,1.2107938262601312,1.033147904418274,2.616017642376651,1.864035648327241,-0.1361500520151911
-0.0853466219537423,-0.1118395132550461,-0.0753386179123214,IIZZ,2.945438198505708,-1.0516624270563917,1.9074906537199272,-2.8334938013032342,3.138293929664938,-3.020591476084728,-1.833846286948117,0.9072726841273306,-0.8153452028170403,1.7938269404102458,1.301491000987519,1.893501508186154,-0.09667610870899102
-0.4740937120885053,-0.5153658445171205,-0.4877139635243224,IZIZ,2.945438198505708,-1.0516624270563917,1.9074906537199272,-2.8334938013032342,3.138293929664938,-3.020591476084728,-1.833846286948117,0.9072726841273306,-0.8153452028170403,1.7938269404102458,1.301491000987519,1.893501508186154,-0.5140251131627818
0.2491637066313278,0.2489059256344264,0.2426197182130177,XXXX,1.1847631011752124,1.4749342004286865,2.6712937010510176,1.1265589477236846,2.854885835678518,-1.460853791840507,-1.614241521202339,1.9866517221487203,3.1214703473374605,0.2651612498665345,1.937982742835775,-2.88636543921225,0.28866798703129765
0.0156616147082135,0.0037594909722455,-0.0058065127708127,ZIII,2.3409367109186308,1.7305569041839377,0.2531561896628842,-0.9988049396995956,-0.4137655800976003,-2.584574302846834,0.1025843074371359,-0.0674119605242244,0.3098394226272352,3.052083600695939,3.071690855988324,-0.0269293597335722,0.020244662983085672
-0.1171369524225996,-0.1649804927905182,-0.1118706296768478,IZZI,0.094053494418131,-1.403502424357133,-3.078498059993457,-0.9551924957317396,-1.6748848972249717,2.773790367954032,-0.2279279830235054,-1.999412453096003,-2.3651842406443704,-1.7708330231039058,-2.9236210273144585,2.352037534425718,-0.14063840778285136
0.3169624717107061,0.3613725911176138,0.3716876404332067,ZIZI,0.094053494418131,-1.403502424357133,-3.078498059993457,-0.9551924957317396,-1.6748848972249717,2.773790367954032,-0.2279279830235054,-1.999412453096003,-2.3651842406443704,-1.7708330231039058,-2.9236210273144585,2.352037534425718,0.3578772378153653
-0.0490258610676377,-0.028982899730267,-0.0329077898979581,YYYY,2.945438198505708,-1.0516624270563917,1.9074906537199272,-2.8334938013032342,3.138293929664938,-3.020591476084728,-1.833846286948117,0.9072726841273306,-0.8153452028170403,1.7938269404102458,1.301491000987519,1.893501508186154,-0.05488078445174236
0.2675424302768376,0.2910284146988429,0.2939162743501283,ZIIZ,2.945438198505708,-1.0516624270563917,1.9074906537199272,-2.8334938013032342,3.138293929664938,-3.020591476084728,-1.833846286948117,0.9072726841273306,-0.8153452028170403,1.7938269404102458,1.301491000987519,1.893501508186154,0.2811195797301082
0.0504776618726513,0.0505651929015086,0.0796143883368375,XXYY,2.3409367109186308,1.7305569041839377,0.2531561896628842,-0.9988049396995956,-0.4137655800976003,-2.584574302846834,0.1025843074371359,-0.0674119605242244,0.3098394226272352,3.052083600695939,3.071690855988324,-0.0269293597335722,0.05312327661348676
0.0773949909867927,0.0817660596741972,0.0633747360931712,YYXX,2.945438198505708,-1.0516624270563917,1.9074906537199272,-2.8334938013032342,3.138293929664938,-3.020591476084728,-1.833846286948117,0.9072726841273306,-0.8153452028170403,1.7938269404102458,1.301491000987519,1.893501508186154,0.09606164084289949
-0.1494136178056392,-0.1705466998268519,-0.1632747553408166,IIZZ,0.094053494418131,-1.403502424357133,-3.078498059993457,-0.9551924957317396,-1.6748848972249717,2.773790367954032,-0.2279279830235054,-1.999412453096003,-2.3651842406443704,-1.7708330231039058,-2.9236210273144585,2.352037534425718,-0.16505808555418386
0.1581018477015231,0.1991261058077793,0.1937415755969243,IZII,0.094053494418131,-1.403502424357133,-3.078498059993457,-0.9551924957317396,-1.6748848972249717,2.773790367954032,-0.2279279830235054,-1.999412453096003,-2.3651842406443704,-1.7708330231039058,-2.9236210273144585,2.352037534425718,0.17637697658184526
-0.0011602055367291,0.0384908504868299,0.003009782117104,ZZII,2.3409367109186308,1.7305569041839377,0.2531561896628842,-0.9988049396995956,-0.4137655800976003,-2.584574302846834,0.1025843074371359,-0.0674119605242244,0.3098394226272352,3.052083600695939,3.071690855988324,-0.0269293597335722,0.00628351775795109
1.0060846284600435,0.987142049034298,0.9977435417087184,IIII,2.945438198505708,-1.0516624270563917,1.9074906537199272,-2.8334938013032342,3.138293929664938,-3.020591476084728,-1.833846286948117,0.9072726841273306,-0.8153452028170403,1.7938269404102458,1.301491000987519,1.893501508186154,0.9276271625383113
-0.3597234618804152,-0.3682527157012528,-0.3843555081578856,ZIII,0.094053494418131,-1.403502424357133,-3.078498059993457,-0.9551924957317396,-1.6748848972249717,2.773790367954032,-0.2279279830235054,-1.999412453096003,-2.3651842406443704,-1.7708330231039058,-2.9236210273144585,2.352037534425718,-0.3939269841710798
-0.5327894975162445,-0.537471775254988,-0.4964753056207314,IIIZ,1.1996667278119544,-1.991660895795179,2.1440651033613145,-3.0737215846204515,2.402731950438497,1.2417594024149343,2.7375430571554507,-1.660307202595634,-2.538410248347529,-0.4832857820366629,-3.095062345856094,0.0733159090212787,-0.599258515159979
0.2479543521311882,0.2533238866992355,0.2585699077384241,IIZI,1.1996667278119544,-1.991660895795179,2.1440651033613145,-3.0737215846204515,2.402731950438497,1.2417594024149343,2.7375430571554507,-1.660307202595634,-2.538410248347529,-0.4832857820366629,-3.095062345856094,0.0733159090212787,0.27458583673671716
-0.3870547248993474,-0.4240748397295985,-0.4208269569000678,YYXX,0.094053494418131,-1.403502424357133,-3.078498059993457,-0.9551924957317396,-1.6748848972249717,2.773790367954032,-0.2279279830235054,-1.999412453096003,-2.3651842406443704,-1.7708330231039058,-2.9236210273144585,2.352037534425718,-0.42144762838716504
-0.4578172490136211,-0.498812126161246,-0.4861173528847643,IZIZ,2.945438198505708,-1.0516624270563917,1.9074906537199272,-2.8334938013032342,3.138293929664938,-3.020591476084728,-1.833846286948117,0.9072726841273306,-0.8153452028170403,1.7938269404102458,1.301491000987519,1.893501508186154,-0.5106675802826764
0.3832863316731863,0.41688600229469,0.4135228970649732,ZIIZ,1.1996667278119544,-1.991660895795179,2.1440651033613145,-3.0737215846204515,2.402731950438497,1.2417594024149343,2.7375430571554507,-1.660307202595634,-2.538410248347529,-0.4832857820366629,-3.095062345856094,0.0733159090212787,0.42307795497607736
-0.0618245447507963,-0.0388900086594418,-0.0495952351682972,YYYY,1.1996667278119544,-1.991660895795179,2.1440651033613145,-3.0737215846204515,2.402731950438497,1.2417594024149343,2.7375430571554507,-1.660307202595634,-2.538410248347529,-0.4832857820366629,-3.095062345856094,0.0733159090212787,-0.06778479305056342
0.0212368864077586,0.0345186499720692,0.0209284783309686,XXYY,2.945438198505708,-1.0516624270563917,1.9074906537199272,-2.8334938013032342,3.138293929664938,-3.020591476084728,-1.833846286948117,0.9072726841273306,-0.8153452028170403,1.7938269404102458,1.301491000987519,1.893501508186154,0.018293959279336167
0.2124395999584111,0.2640662294103822,0.2452724574546882,IZZI,-0.2035840875940788,-1.0974466726961,0.3512926202988562,1.2196141209026896,-2.3163196648386464,-2.147317662900916,-1.3996910770040851,-1.0314137867829762,-1.7571197972376436,1.8280557760694247,1.8732106544273144,-2.040239026719211,0.23229244175676936
0.6581311088954932,0.7323240693194019,0.713575296049241,XXXX,1.1996667278119544,-1.991660895795179,2.1440651033613145,-3.0737215846204515,2.402731950438497,1.2417594024149343,2.7375430571554507,-1.660307202595634,-2.538410248347529,-0.4832857820366629,-3.095062345856094,0.0733159090212787,0.7296866886089072
-0.0775565014280961,-0.1173051368390579,-0.112653631051919,ZIZI,-0.2035840875940788,-1.0974466726961,0.3512926202988562,1.2196141209026896,-2.3163196648386464,-2.147317662900916,-1.3996910770040851,-1.0314137867829762,-1.7571197972376436,1.8280557760694247,1.8732106544273144,-2.040239026719211,-0.0813603207973582
1.0089411614883128,1.001548811444457,1.014356845572847,IIII,0.094053494418131,-1.403502424357133,-3.078498059993457,-0.9551924957317396,-1.6748848972249717,2.773790367954032,-0.2279279830235054,-1.999412453096003,-2.3651842406443704,-1.7708330231039058,-2.9236210273144585,2.352037534425718,0.9325429834223062
-0.8345471829917105,-0.8816103567603513,-0.8559711468547784,IIZI,-0.2035840875940788,-1.0974466726961,0.3512926202988562,1.2196141209026896,-2.3163196648386464,-2.147317662900916,-1.3996910770040851,-1.0314137867829762,-1.7571197972376436,1.8280557760694247,1.8732106544273144,-2.040239026719211,-0.8755169580762434
0.2325663084150784,0.2459030523701858,0.2276017159545316,IIIZ,-0.2035840875940788,-1.0974466726961,0.3512926202988562,1.2196141209026896,-2.3163196648386464,-2.147317662900916,-1.3996910770040851,-1.0314137867829762,-1.7571197972376436,1.8280557760694247,1.8732106544273144,-2.040239026719211,0.26170296918727326
-0.1601805824254888,-0.175834758183721,-0.1948439288487264,IIZZ,0.094053494418131,-1.403502424357133,-3.078498059993457,-0.9551924957317396,-1.6748848972249717,2.773790367954032,-0.2279279830235054,-1.999412453096003,-2.3651842406443704,-1.7708330231039058,-2.9236210273144585,2.352037534425718,-0.17299110165119516
0.2121691789668419,0.2629372800106076,0.2324069660105647,IZIZ,-0.2035840875940788,-1.0974466726961,0.3512926202988562,1.2196141209026896,-2.3163196648386464,-2.147317662900916,-1.3996910770040851,-1.0314137867829762,-1.7571197972376436,1.8280557760694247,1.8732106544273144,-2.040239026719211,0.23229244175676936
-0.0011563514365325,-0.006116138185494,0.0405476026796656,ZZII,1.1996667278119544,-1.991660895795179,2.1440651033613145,-3.0737215846204515,2.402731950438497,1.2417594024149343,2.7375430571554507,-1.660307202595634,-2.538410248347529,-0.4832857820366629,-3.095062345856094,0.0733159090212787,0.0043340765327612215
-0.2926892140761302,-0.3092465482381347,-0.3022454757166824,IZII,-2.2004692293183754,-2.732443470026172,1.6996860904759332,2.6399513150819205,1.8009806179106471,1.8367296033156224,2.7977654232286406,2.164651182454758,0.979373696736995,1.9958930251510705,1.954556037352801,0.2799473412333606,-0.3229740267599199
0.2358816222039716,0.260622368586916,0.2637474337229396,IZZI,-0.2035840875940788,-1.0974466726961,0.3512926202988562,1.2196141209026896,-2.3163196648386464,-2.147317662900916,-1.3996910770040851,-1.0314137867829762,-1.7571197972376436,1.8280557760694247,1.8732106544273144,-2.040239026719211,0.26195217408672816
0.1632946873606633,0.187314376860682,0.1731000919168613,ZIII,-2.2004692293183754,-2.732443470026172,1.6996860904759332,2.6399513150819205,1.8009806179106471,1.8367296033156224,2.7977654232286406,2.164651182454758,0.979373696736995,1.9958930251510705,1.954556037352801,0.2799473412333606,0.17299926282498837
0.3902017883102417,0.4135460111616721,0.4159781024453986,ZIIZ,1.1996667278119544,-1.991660895795179,2.1440651033613145,-3.0737215846204515,2.402731950438497,1.2417594024149343,2.7375430571554507,-1.660307202595634,-2.538410248347529,-0.4832857820366629,-3.095062345856094,0.0733159090212787,0.43603474846373436
0.0507341567766558,0.0723686821748785,0.0592984093106286,YYYY,-2.2004692293183754,-2.732443470026172,1.6996860904759332,2.6399513150819205,1.8009806179106471,1.8367296033156224,2.7977654232286406,2.164651182454758,0.979373696736995,1.9958930251510705,1.954556037352801,0.2799473412333606,0.06454288806887021
-0.0255265190712206,-0.028874753085586,-0.0273397931874455,XXYY,-2.2004692293183754,-2.732443470026172,1.6996860904759332,2.6399513150819205,1.8009806179106471,1.8367296033156224,2.7977654232286406,2.164651182454758,0.979373696736995,1.9958930251510705,1.954556037352801,0.2799473412333606,-0.021039150843471396
-0.4849453123961685,-0.5790220107169234,-0.5591609508797607,ZIZI,1.835798998784249,2.813733752684493,2.0782539226903545,-2.301829709034509,2.4702739672339824,-2.614062513591332,0.9826959316825484,0.2265437911581438,1.2139346778552618,1.0420084232713087,1.8304404922381377,1.293078956411141,-0.5204667023828667
0.0094289590742885,0.0195357517010595,-0.0017387364784091,YYXX,1.1996667278119544,-1.991660895795179,2.1440651033613145,-3.0737215846204515,2.402731950438497,1.2417594024149343,2.7375430571554507,-1.660307202595634,-2.538410248347529,-0.4832857820366629,-3.095062345856094,0.0733159090212787,0.020048143687565335
1.0174031446075231,0.9952885804608615,1.013330053329501,IIII,1.835798998784249,2.813733752684493,2.0782539226903545,-2.301829709034509,2.4702739672339824,-2.614062513591332,0.9826959316825484,0.2265437911581438,1.2139346778552618,1.0420084232713087,1.8304404922381377,1.293078956411141,0.9268431087759911
-0.4403623296215473,-0.5033906037630251,-0.483216361833515,XXXX,-2.2004692293183754,-2.732443470026172,1.6996860904759332,2.6399513150819205,1.8009806179106471,1.8367296033156224,2.7977654232286406,2.164651182454758,0.979373696736995,1.9958930251510705,1.954556037352801,0.2799473412333606,-0.46084559242638534
0.2314597870758299,0.233442541723934,0.2176321255475671,IIIZ,-0.2035840875940788,-1.0974466726961,0.3512926202988562,1.2196141209026896,-2.3163196648386464,-2.147317662900916,-1.3996910770040851,-1.0314137867829762,-1.7571197972376436,1.8280557760694247,1.8732106544273144,-2.040239026719211,0.2617383671782915
-0.5640171473330211,-0.6355170650964489,-0.6313545907306356,ZZII,-2.2004692293183754,-2.732443470026172,1.6996860904759332,2.6399513150819205,1.8009806179106471,1.8367296033156224,2.7977654232286406,2.164651182454758,0.979373696736995,1.9958930251510705,1.954556037352801,0.2799473412333606,-0.6398275048703566
-0.7163928481265546,-0.7553084958435314,-0.7576124201210983,IIZI,1.835798998784249,2.813733752684493,2.0782539226903545,-2.301829709034509,2.4702739672339824,-2.614062513591332,0.9826959316825484,0.2265437911581438,1.2139346778552618,1.0420084232713087,1.8304404922381377,1.293078956411141,-0.8206644154233416
0.6313934393820769,0.6884617670474334,0.6829884066048899,IIZZ,1.835798998784249,2.813733752684493,2.0782539226903545,-2.301829709034509,2.4702739672339824,-2.614062513591332,0.9826959316825484,0.2265437911581438,1.2139346778552618,1.0420084232713087,1.8304404922381377,1.293078956411141,0.7137144849963734
0.2236210147816702,0.2540113606302324,0.2347413396060066,IZIZ,-0.2035840875940788,-1.0974466726961,0.3512926202988562,1.2196141209026896,-2.3163196648386464,-2.147317662900916,-1.3996910770040851,-1.0314137867829762,-1.7571197972376436,1.8280557760694247,1.8732106544273144,-2.040239026719211,0.2484390479975378
-0.5397349939714895,-0.6083940576823736,-0.6280630543485934,ZIIZ,1.835798998784249,2.813733752684493,2.0782539226903545,-2.301829709034509,2.4702739672339824,-2.614062513591332,0.9826959316825484,0.2265437911581438,1.2139346778552618,1.0420084232713087,1.8304404922381377,1.293078956411141,-0.6209400638715235
0.178923305686575,0.1767957130151548,0.1491086772469958,IZII,-2.67623468647654,2.3724694144243,2.597816566235079,-2.9512497605176624,-1.904393048317894,3.013583669033671,2.693424758907648,3.121348876130212,2.2210339825595016,-1.4838291024738095,-0.4008388211634619,-1.74397950292448,0.21059284614663917
0.122693160198209,0.1200262633913004,0.1082644980782049,XXYY,1.835798998784249,2.813733752684493,2.0782539226903545,-2.301829709034509,2.4702739672339824,-2.614062513591332,0.9826959316825484,0.2265437911581438,1.2139346778552618,1.0420084232713087,1.8304404922381377,1.293078956411141,0.13381614833004785
0.1672905054816771,0.1638015797277634,0.1726341978345722,ZIII,-2.67623468647654,2.3724694144243,2.597816566235079,-2.9512497605176624,-1.904393048317894,3.013583669033671,2.693424758907648,3.121348876130212,2.2210339825595016,-1.4838291024738095,-0.4008388211634619,-1.74397950292448,0.17647777553876615
-0.0846636500943046,-0.1116098589367104,-0.1026213842562647,ZZII,-0.6421793225675185,2.171349336057383,1.3815263156526214,-2.2594518564955632,2.551576459159953,2.4033381994044296,0.2915868822644749,1.835333272570976,0.7065398328040629,2.0345046436664447,-1.043728898164482,-0.8099575828338499,-0.10275734133486576
0.0500885998961895,0.0490318225614371,0.0523219520777359,YYYY,-2.2004692293183754,-2.732443470026172,1.6996860904759332,2.6399513150819205,1.8009806179106471,1.8367296033156224,2.7977654232286406,2.164651182454758,0.979373696736995,1.9958930251510705,1.954556037352801,0.2799473412333606,0.06454288806887021
-0.5272424790919567,-0.5745368339322299,-0.5742616833602899,XXXX,-2.67623468647654,2.3724694144243,2.597816566235079,-2.9512497605176624,-1.904393048317894,3.013583669033671,2.693424758907648,3.121348876130212,2.2210339825595016,-1.4838291024738095,-0.4008388211634619,-1.74397950292448,-0.5852334252983197
0.2186255872306258,0.2272772050890346,0.2309023970963478,IIIZ,-0.6421793225675185,2.171349336057383,1.3815263156526214,-2.2594518564955632,2.551576459159953,2.4033381994044296,0.2915868822644749,1.835333272570976,0.7065398328040629,2.0345046436664447,-1.043728898164482,-0.8099575828338499,0.2365808010836123
-0.5018392366548934,-0.5793340611938321,-0.5286320128206718,ZIZI,-2.67623468647654,2.3724694144243,2.597816566235079,-2.9512497605176624,-1.904393048317894,3.013583669033671,2.693424758907648,3.121348876130212,2.2210339825595016,-1.4838291024738095,-0.4008388211634619,-1.74397950292448,-0.5574035124661181
-0.1460473202041471,-0.1757905888615821,-0.1840801689108904,IZZI,-2.2004692293183754,-2.732443470026172,1.6996860904759332,2.6399513150819205,1.8009806179106471,1.8367296033156224,2.7977654232286406,2.164651182454758,0.979373696736995,1.9958930251510705,1.954556037352801,0.2799473412333606,-0.15255864882971468
-0.2707783405971883,-0.3087351049821015,-0.3036800560369784,YYXX,-2.67623468647654,2.3724694144243,2.597816566235079,-2.9512497605176624,-1.904393048317894,3.013583669033671,2.693424758907648,3.121348876130212,2.2210339825595016,-1.4838291024738095,-0.4008388211634619,-1.74397950292448,-0.29056133703939113
-0.3387711678524424,-0.3393729953303569,-0.338100872296952,IIZI,-1.3711981008673777,2.3599212985412663,-2.084622623250324,1.8453805355938444,1.426852065348866,1.2664814848527346,-0.1647745632688879,-2.160261377899747,-2.3204019992901537,-2.4146812504243287,-1.2031305230374456,-0.8900463625096369,-0.3652800205188991
-0.3316188576487677,-0.3692749301736622,-0.3785995626669224,IZII,-0.6421793225675185,2.171349336057383,1.3815263156526214,-2.2594518564955632,2.551576459159953,2.4033381994044296,0.2915868822644749,1.835333272570976,0.7065398328040629,2.0345046436664447,-1.043728898164482,-0.8099575828338499,-0.35420492658590924
0.6360573333739159,0.6952012874336176,0.7246987616823746,IIZZ,1.835798998784249,2.813733752684493,2.0782539226903545,-2.301829709034509,2.4702739672339824,-2.614062513591332,0.9826959316825484,0.2265437911581438,1.2139346778552618,1.0420084232713087,1.8304404922381377,1.293078956411141,0.7146600760821558
-0.3026243556334817,-0.324915359125486,-0.3376415550082546,IZIZ,-1.3711981008673777,2.3599212985412663,-2.084622623250324,1.8453805355938444,1.426852065348866,1.2664814848527346,-0.1647745632688879,-2.160261377899747,-2.3204019992901537,-2.4146812504243287,-1.2031305230374456,-0.8900463625096369,-0.3321677247337145
0.1357843588032927,0.1473630590882082,0.1470128184816925,ZIII,-0.6421793225675185,2.171349336057383,1.3815263156526214,-2.2594518564955632,2.551576459159953,2.4033381994044296,0.2915868822644749,1.835333272570976,0.7065398328040629,2.0345046436664447,-1.043728898164482,-0.8099575828338499,0.15400289405982184
0.99961215703996,0.9997896903865384,0.9812898503302728,IIII,-2.67623468647654,2.3724694144243,2.597816566235079,-2.9512497605176624,-1.904393048317894,3.013583669033671,2.693424758907648,3.121348876130212,2.2210339825595016,-1.4838291024738095,-0.4008388211634619,-1.74397950292448,0.926273552634488
-0.5571332219104216,-0.6187498868024999,-0.6117168680315522,ZIIZ,1.835798998784249,2.813733752684493,2.0782539226903545,-2.301829709034509,2.4702739672339824,-2.614062513591332,0.9826959316825484,0.2265437911581438,1.2139346778552618,1.0420084232713087,1.8304404922381377,1.293078956411141,-0.6273976191829426
-0.2442445197167704,-0.260319464727342,-0.2663698952631305,YYYY,-0.6421793225675185,2.171349336057383,1.3815263156526214,-2.2594518564955632,2.551576459159953,2.4033381994044296,0.2915868822644749,1.835333272570976,0.7065398328040629,2.0345046436664447,-1.043728898164482,-0.8099575828338499,-0.2640999530405139
0.0913060084243407,0.0862570581936629,0.0703342328312191,YYXX,-1.3711981008673777,2.3599212985412663,-2.084622623250324,1.8453805355938444,1.426852065348866,1.2664814848527346,-0.1647745632688879,-2.160261377899747,-2.3204019992901537,-2.4146812504243287,-1.2031305230374456,-0.8900463625096369,0.10705651997046818
-0.0609159078270485,-0.0525349248652857,-0.0715165669997897,ZIZI,-1.3711981008673777,2.3599212985412663,-2.084622623250324,1.8453805355938444,1.426852065348866,1.2664814848527346,-0.1647745632688879,-2.160261377899747,-2.3204019992901537,-2.4146812504243287,-1.2031305230374456,-0.8900463625096369,-0.06212123376689558
-0.087570833895462,-0.1147317481309625,-0.0875128728193856,ZZII,-0.6421793225675185,2.171349336057383,1.3815263156526214,-2.2594518564955632,2.551576459159953,2.4033381994044296,0.2915868822644749,1.835333272570976,0.7065398328040629,2.0345046436664447,-1.043728898164482,-0.8099575828338499,-0.10379000207970172
-0.9436456200493156,-0.982870365960049,-1.00882422549667,IIIZ,-1.3711981008673777,2.3599212985412663,-2.084622623250324,1.8453805355938444,1.426852065348866,1.2664814848527346,-0.1647745632688879,-2.160261377899747,-2.3204019992901537,-2.4146812504243287,-1.2031305230374456,-0.8900463625096369,-0.898569873260503
0.120975589774225,0.1612278354672865,0.167088974801927,XXYY,0.5906193262775941,-1.7346782265347993,-1.0093377068228713,2.434927939634104,-1.5189562416674582,-2.8276627654642783,-2.0144181790446227,-2.709256856615686,-3.0652142423113906,-0.5763234256829621,-2.758445216065068,1.9856813893418763,0.14551921731682196
0.3752537029506928,0.4259551647462707,0.4566883769685266,IZZI,0.5906193262775941,-1.7346782265347993,-1.0093377068228713,2.434927939634104,-1.5189562416674582,-2.8276627654642783,-2.0144181790446227,-2.709256856615686,-3.0652142423113906,-0.5763234256829621,-2.758445216065068,1.9856813893418763,0.4210120314570206
0.3073093711880124,0.3315221085375476,0.3274451963417764,IZII,-1.3711981008673777,2.3599212985412663,-2.084622623250324,1.8453805355938444,1.426852065348866,1.2664814848527346,-0.1647745632688879,-2.160261377899747,-2.3204019992901537,-2.4146812504243287,-1.2031305230374456,-0.8900463625096369,0.3452076782789575
-0.5124087425470777,-0.5861719623568079,-0.5888020973487903,XXXX,-2.67623468647654,2.3724694144243,2.597816566235079,-2.9512497605176624,-1.904393048317894,3.013583669033671,2.693424758907648,3.121348876130212,2.2210339825595016,-1.4838291024738095,-0.4008388211634619,-1.74397950292448,-0.5598143372134573
0.995161045994922,0.9990737799286548,0.9951345178617248,IIII,-2.67623468647654,2.3724694144243,2.597816566235079,-2.9512497605176624,-1.904393048317894,3.013583669033671,2.693424758907648,3.121348876130212,2.2210339825595016,-1.4838291024738095,-0.4008388211634619,-1.74397950292448,0.926273552634488
-0.1362838312966815,-0.1646378978085137,-0.1599037558687782,IIZI,0.5906193262775941,-1.7346782265347993,-1.0093377068228713,2.434927939634104,-1.5189562416674582,-2.8276627654642783,-2.0144181790446227,-2.709256856615686,-3.0652142423113906,-0.5763234256829621,-2.758445216065068,1.9856813893418763,-0.15532998746942
0.3716951935488851,0.4227372335543194,0.3675542187828964,ZIII,-1.7193740921184162,1.7568741617186303,1.0030416674450675,-1.499959983108288,0.1677462948111041,-1.170862377048054,-0.1320841398860679,-2.025004561839759,-2.7028698544527834,-0.05727056153099,2.258801812344638,-1.2291256790026894,0.4108928127969256
-0.039038320097181,-0.0484566034032763,-0.0385101087206169,ZIIZ,-1.7193740921184162,1.7568741617186303,1.0030416674450675,-1.499959983108288,0.1677462948111041,-1.170862377048054,-0.1320841398860679,-2.025004561839759,-2.7028698544527834,-0.05727056153099,2.258801812344638,-1.2291256790026894,-0.05039298792047758
-0.3461885477442577,-0.3742986461911736,-0.3625237851331498,IIZZ,0.5906193262775941,-1.7346782265347993,-1.0093377068228713,2.434927939634104,-1.5189562416674582,-2.8276627654642783,-2.0144181790446227,-2.709256856615686,-3.0652142423113906,-0.5763234256829621,-2.758445216065068,1.9856813893418763,-0.3741429518774894
-0.04116898325627,-0.0658589638630309,-0.0452171731092234,XXYY,-0.6421793225675185,2.171349336057383,1.3815263156526214,-2.2594518564955632,2.551576459159953,2.4033381994044296,0.2915868822644749,1.835333272570976,0.7065398328040629,2.0345046436664447,-1.043728898164482,-0.8099575828338499,-0.051844902134872195
-0.1434790282840336,-0.1426812653029979,-0.1675517611553297,IZIZ,0.5906193262775941,-1.7346782265347993,-1.0093377068228713,2.434927939634104,-1.5189562416674582,-2.8276627654642783,-2.0144181790446227,-2.709256856615686,-3.0652142423113906,-0.5763234256829621,-2.758445216065068,1.9856813893418763,-0.16330846396556836
-0.4992178444163598,-0.5612639114270384,-0.5302604961552667,XXXX,-1.7193740921184162,1.7568741617186303,1.0030416674450675,-1.499959983108288,0.1677462948111041,-1.170862377048054,-0.1320841398860679,-2.025004561839759,-2.7028698544527834,-0.05727056153099,2.258801812344638,-1.2291256790026894,-0.5496287690635382
0.3620010346099409,0.4247486029960327,0.4175240280642363,YYXX,-0.6421793225675185,2.171349336057383,1.3815263156526214,-2.2594518564955632,2.551576459159953,2.4033381994044296,0.2915868822644749,1.835333272570976,0.7065398328040629,2.0345046436664447,-1.043728898164482,-0.8099575828338499,0.393825755733592
0.1736460373233958,0.1882885693262585,0.2069767254610658,YYYY,0.5906193262775941,-1.7346782265347993,-1.0093377068228713,2.434927939634104,-1.5189562416674582,-2.8276627654642783,-2.0144181790446227,-2.709256856615686,-3.0652142423113906,-0.5763234256829621,-2.758445216065068,1.9856813893418763,0.1899852422481123
0.7384516239886498,0.7906690078558197,0.7986992306020454,ZZII,-1.7193740921184162,1.7568741617186303,1.0030416674450675,-1.499959983108288,0.1677462948111041,-1.170862377048054,-0.1320841398860679,-2.025004561839759,-2.7028698544527834,-0.05727056153099,2.258801812344638,-1.2291256790026894,0.7982053879996441
-0.1469958038964219,-0.1305474634948087,-0.1546756195348174,IIIZ,-1.7193740921184162,1.7568741617186303,1.0030416674450675,-1.499959983108288,0.1677462948111041,-1.170862377048054,-0.1320841398860679,-2.025004561839759,-2.7028698544527834,-0.05727056153099,2.258801812344638,-1.2291256790026894,-0.16342705746087527
0.994362320152903,1.0083821300898654,1.0135014323570082,IIII,-1.3711981008673777,2.3599212985412663,-2.084622623250324,1.8453805355938444,1.426852065348866,1.2664814848527346,-0.1647745632688879,-2.160261377899747,-2.3204019992901537,-2.4146812504243287,-1.2031305230374456,-0.8900463625096369,0.9311048229147945
0.3546993993090561,0.3452133505312753,0.3231681162791173,IIZZ,-1.3711981008673777,2.3599212985412663,-2.084622623250324,1.8453805355938444,1.426852065348866,1.2664814848527346,-0.1647745632688879,-2.160261377899747,-2.3204019992901537,-2.4146812504243287,-1.2031305230374456,-0.8900463625096369,0.398831856420961
0.2578520038277221,0.2867698377710397,0.25401382358619,IZII,-1.7193740921184162,1.7568741617186303,1.0030416674450675,-1.499959983108288,0.1677462948111041,-1.170862377048054,-0.1320841398860679,-2.025004561839759,-2.7028698544527834,-0.05727056153099,2.258801812344638,-1.2291256790026894,0.27885052806685184
0.3782164853350936,0.4479694495849925,0.4595094649159922,IZZI,-2.9327751548539966,-0.0205119462914558,0.560541570285618,-1.7013054303203077,1.0823085814554183,-0.5114172121163625,0.4798004875315609,2.4303602575599035,2.717260397383555,-2.9326841489804,-0.0359054129966018,-1.9772789008071996,0.40750215763514885
-0.4162319139069576,-0.4732824458687662,-0.4605997734564535,ZIZI,-2.9327751548539966,-0.0205119462914558,0.560541570285618,-1.7013054303203077,1.0823085814554183,-0.5114172121163625,0.4798004875315609,2.4303602575599035,2.717260397383555,-2.9326841489804,-0.0359054129966018,-1.9772789008071996,-0.45293956276936087
-0.5055456144788822,-0.5333615620102471,-0.5084271937316945,IIZI,-2.9327751548539966,-0.0205119462914558,0.560541570285618,-1.7013054303203077,1.0823085814554183,-0.5114172121163625,0.4798004875315609,2.4303602575599035,2.717260397383555,-2.9326841489804,-0.0359054129966018,-1.9772789008071996,-0.5531267659166543
-0.3135166823367563,-0.3887924507584214,-0.3674726705671814,IZIZ,-2.9327751548539966,-0.0205119462914558,0.560541570285618,-1.7013054303203077,1.0823085814554183,-0.5114172121163625,0.4798004875315609,2.4303602575599035,2.717260397383555,-2.9326841489804,-0.0359054129966018,-1.9772789008071996,-0.34504352067832306
0.7441828500439577,0.783490905048431,0.7780099510814292,ZIII,-2.9327751548539966,-0.0205119462914558,0.560541570285618,-1.7013054303203077,1.0823085814554183,-0.5114172121163625,0.4798004875315609,2.4303602575599035,2.717260397383555,-2.9326841489804,-0.0359054129966018,-1.9772789008071996,0.8245609552908997
0.1933296536894394,0.2220776491255629,0.1959258833236244,ZIIZ,0.5906193262775941,-1.7346782265347993,-1.0093377068228713,2.434927939634104,-1.5189562416674582,-2.8276627654642783,-2.0144181790446227,-2.709256856615686,-3.0652142423113906,-0.5763234256829621,-2.758445216065068,1.9856813893418763,0.21776707498527384
0.1782822643462654,0.1963285407930145,0.2177985694911266,YYYY,0.5906193262775941,-1.7346782265347993,-1.0093377068228713,2.434927939634104,-1.5189562416674582,-2.8276627654642783,-2.0144181790446227,-2.709256856615686,-3.0652142423113906,-0.5763234256829621,-2.758445216065068,1.9856813893418763,0.2159770737321107
0.3652463843300883,0.4190586100841247,0.4078106118504868,YYXX,-2.334662144591008,-0.1186731700779,-0.7932703470254414,-3.106584644706876,1.0910386624414938,0.9973518242727888,-3.0698260597373848,-2.921938612963879,0.520715089145837,-3.04575469794262,0.0139596380116531,-2.9471229379482686,0.3965102976382312
0.2752121018581357,0.3060461537839541,0.3192945968441926,XXYY,-2.9327751548539966,-0.0205119462914558,0.560541570285618,-1.7013054303203077,1.0823085814554183,-0.5114172121163625,0.4798004875315609,2.4303602575599035,2.717260397383555,-2.9326841489804,-0.0359054129966018,-1.9772789008071996,0.28593708804154866
-0.3738199288460956,-0.4407063511036754,-0.4028940518018785,XXXX,-2.334662144591008,-0.1186731700779,-0.7932703470254414,-3.106584644706876,1.0910386624414938,0.9973518242727888,-3.0698260597373848,-2.921938612963879,0.520715089145837,-3.04575469794262,0.0139596380116531,-2.9471229379482686,-0.4181741693585173
0.9955054864033572,1.0107783768033465,1.008918400785373,IIII,-1.7193740921184162,1.7568741617186303,1.0030416674450675,-1.499959983108288,0.1677462948111041,-1.170862377048054,-0.1320841398860679,-2.025004561839759,-2.7028698544527834,-0.05727056153099,2.258801812344638,-1.2291256790026894,0.9371187316546665
-0.1616615353704865,-0.1415916802633751,-0.126123088043944,IIIZ,-1.7193740921184162,1.7568741617186303,1.0030416674450675,-1.499959983108288,0.1677462948111041,-1.170862377048054,-0.1320841398860679,-2.025004561839759,-2.7028698544527834,-0.05727056153099,2.258801812344638,-1.2291256790026894,-0.17461138574631946
-0.4289705675844319,-0.492048727038166,-0.5042834415487292,IZZI,-2.334662144591008,-0.1186731700779,-0.7932703470254414,-3.106584644706876,1.0910386624414938,0.9973518242727888,-3.0698260597373848,-2.921938612963879,0.520715089145837,-3.04575469794262,0.0139596380116531,-2.9471229379482686,-0.4753147768125545
-0.893421409861417,-0.9627535293921372,-0.94571213576044,ZIZI,-2.334662144591008,-0.1186731700779,-0.7932703470254414,-3.106584644706876,1.0910386624414938,0.9973518242727888,-3.0698260597373848,-2.921938612963879,0.520715089145837,-3.04575469794262,0.0139596380116531,-2.9471229379482686,-0.8854108263875043
-0.1478855131733258,-0.1534757396133997,-0.1532700415601298,IIZI,2.2927730611359376,-1.3724566717253146,-2.8343695030951594,2.628773690210438,1.8360529069176232,-0.9264127466925096,-3.033196998575113,-1.5443856124407511,-2.6006098957000194,-2.9743750183494813,-2.708107807230669,-2.2785295712870965,-0.16623702529361561
0.4277329750279245,0.4555130206190954,0.4458802500819928,ZZII,-2.334662144591008,-0.1186731700779,-0.7932703470254414,-3.106584644706876,1.0910386624414938,0.9973518242727888,-3.0698260597373848,-2.921938612963879,0.520715089145837,-3.04575469794262,0.0139596380116531,-2.9471229379482686,0.4747672685904357
-0.4287059773376795,-0.4549394494642619,-0.4768177136017699,IZII,2.2927730611359376,-1.3724566717253146,-2.8343695030951594,2.628773690210438,1.8360529069176232,-0.9264127466925096,-3.033196998575113,-1.5443856124407511,-2.6006098957000194,-2.9743750183494813,-2.708107807230669,-2.2785295712870965,-0.4710498878287796
-0.0032783428410784,-0.0029749845784844,-0.0008019607468568,YYYY,2.2927730611359376,-1.3724566717253146,-2.8343695030951594,2.628773690210438,1.8360529069176232,-0.9264127466925096,-3.033196998575113,-1.5443856124407511,-2.6006098957000194,-2.9743750183494813,-2.708107807230669,-2.2785295712870965,0.004830992195011805
-0.0516589533058568,-0.0507123734280438,-0.0834092298995722,ZIIZ,2.2927730611359376,-1.3724566717253146,-2.8343695030951594,2.628773690210438,1.8360529069176232,-0.9264127466925096,-3.033196998575113,-1.5443856124407511,-2.6006098957000194,-2.9743750183494813,-2.708107807230669,-2.2785295712870965,-0.059520220716889886
0.0773133886019928,0.0963137219024289,0.0741942580273225,YYXX,2.2927730611359376,-1.3724566717253146,-2.8343695030951594,2.628773690210438,1.8360529069176232,-0.9264127466925096,-3.033196998575113,-1.5443856124407511,-2.6006098957000194,-2.9743750183494813,-2.708107807230669,-2.2785295712870965,0.09801770802263457
0.611775854605956,0.6199522084714657,0.6375186533685251,IIZZ,-2.334662144591008,-0.1186731700779,-0.7932703470254414,-3.106584644706876,1.0910386624414938,0.9973518242727888,-3.0698260597373848,-2.921938612963879,0.520715089145837,-3.04575469794262,0.0139596380116531,-2.9471229379482686,0.6770965468083691
0.7139674030859098,0.7865756783531124,0.7887502840316543,ZIII,-2.9327751548539966,-0.0205119462914558,0.560541570285618,-1.7013054303203077,1.0823085814554183,-0.5114172121163625,0.4798004875315609,2.4303602575599035,2.717260397383555,-2.9326841489804,-0.0359054129966018,-1.9772789008071996,0.7827644563615853
-0.3103220395311737,-0.3759144252406047,-0.3879004221834046,IZIZ,-2.9327751548539966,-0.0205119462914558,0.560541570285618,-1.7013054303203077,1.0823085814554183,-0.5114172121163625,0.4798004875315609,2.4303602575599035,2.717260397383555,-2.9326841489804,-0.0359054129966018,-1.9772789008071996,-0.34159656203385075
-0.406058787302042,-0.45690440888335,-0.4505887101476235,XXYY,-1.6269468440798245,0.9544829659711276,-2.2256084581576943,-0.2177885284019813,-0.9938235268235172,1.3191665426520434,-0.4751909094174329,1.450106051935382,-2.697859801203383,-0.8744407923929409,2.48166523659659,-0.1937127950214532,-0.4441693979139481
-0.3199248824109226,-0.3819317613248153,-0.3825822695317086,XXXX,-1.6269468440798245,0.9544829659711276,-2.2256084581576943,-0.2177885284019813,-0.9938235268235172,1.3191665426520434,-0.4751909094174329,1.450106051935382,-2.697859801203383,-0.8744407923929409,2.48166523659659,-0.1937127950214532,-0.36465471529676946
1.009390165808028,0.9779521253784768,0.9971996823927088,IIII,2.2927730611359376,-1.3724566717253146,-2.8343695030951594,2.628773690210438,1.8360529069176232,-0.9264127466925096,-3.033196998575113,-1.5443856124407511,-2.6006098957000194,-2.9743750183494813,-2.708107807230669,-2.2785295712870965,0.9286888779153546
0.1281446382733213,0.1616412267774047,0.1837954693207212,IZZI,-1.6269468440798245,0.9544829659711276,-2.2256084581576943,-0.2177885284019813,-0.9938235268235172,1.3191665426520434,-0.4751909094174329,1.450106051935382,-2.697859801203383,-0.8744407923929409,2.48166523659659,-0.1937127950214532,0.13323241950504433
-0.0638063717287122,-0.0800202529016645,-0.0658407929827158,ZIZI,-1.6269468440798245,0.9544829659711276,-2.2256084581576943,-0.2177885284019813,-0.9938235268235172,1.3191665426520434,-0.4751909094174329,1.450106051935382,-2.697859801203383,-0.8744407923929409,2.48166523659659,-0.1937127950214532,-0.07118623446166357
-0.2740649536141382,-0.2923062042222167,-0.2700701693886902,IIZZ,-1.5031481710935026,2.612905815439896,0.721311303984538,0.8790274814139298,2.5154515808946627,-1.7647211006519832,2.918567521403407,-2.18588334905121,-2.015506524171652,-1.2325125351427728,-3.064694613455131,2.78030539922519,-0.29630387772527333
0.0509824909868137,0.063582686101526,0.0552205264942356,IZII,-1.5031481710935026,2.612905815439896,0.721311303984538,0.8790274814139298,2.5154515808946627,-1.7647211006519832,2.918567521403407,-2.18588334905121,-2.015506524171652,-1.2325125351427728,-3.064694613455131,2.78030539922519,0.05952740800037582
-0.4853814749876792,-0.5926056895073569,-0.5605240519997983,ZZII,-1.6269468440798245,0.9544829659711276,-2.2256084581576943,-0.2177885284019813,-0.9938235268235172,1.3191665426520434,-0.4751909094174329,1.450106051935382,-2.697859801203383,-0.8744407923929409,2.48166523659659,-0.1937127950214532,-0.5097817454928151
-0.7232936479556518,-0.7658625143340773,-0.7298561881708661,IIIZ,-2.334662144591008,-0.1186731700779,-0.7932703470254414,-3.106584644706876,1.0910386624414938,0.9973518242727888,-3.0698260597373848,-2.921938612963879,0.520715089145837,-3.04575469794262,0.0139596380116531,-2.9471229379482686,-0.8140500782925543
0.1126561540623486,0.1083539806642831,0.1456995714923172,ZIII,-1.5031481710935026,2.612905815439896,0.721311303984538,0.8790274814139298,2.5154515808946627,-1.7647211006519832,2.918567521403407,-2.18588334905121,-2.015506524171652,-1.2325125351427728,-3.064694613455131,2.78030539922519,0.13369411405990184
-0.6243676732637743,-0.645883766410976,-0.6538709556087315,IIZI,-2.334662144591008,-0.1186731700779,-0.7932703470254414,-3.106584644706876,1.0910386624414938,0.9973518242727888,-3.0698260597373848,-2.921938612963879,0.520715089145837,-3.04575469794262,0.0139596380116531,-2.9471229379482686,-0.6860962414836058
0.0866437987070025,0.0808855830220025,0.0752286637201077,IZIZ,-1.6269468440798245,0.9544829659711276,-2.2256084581576943,-0.2177885284019813,-0.9938235268235172,1.3191665426520434,-0.4751909094174329,1.450106051935382,-2.697859801203383,-0.8744407923929409,2.48166523659659,-0.1937127950214532,0.10042614238915056
-0.0448773509306853,-0.0457701370818589,-0.0366852492724113,ZIIZ,-1.5031481710935026,2.612905815439896,0.721311303984538,0.8790274814139298,2.5154515808946627,-1.7647211006519832,2.918567521403407,-2.18588334905121,-2.015506524171652,-1.2325125351427728,-3.064694613455131,2.78030539922519,-0.05764099399075528
-0.1462060216748055,-0.1682782730826946,-0.1619611492811875,YYYY,3.082619068035406,2.0155217439606137,-2.620341116973842,-0.9847880386730266,2.1787936403035486,2.498473398981184,0.6871094627481176,-1.1857745113867793,-1.9734325192069284,-2.55551352396477,-0.697732683716838,-2.595783201864471,-0.1610094060052491
-0.1163768583158999,-0.1286280914591095,-0.1144723800505521,XXYY,3.082619068035406,2.0155217439606137,-2.620341116973842,-0.9847880386730266,2.1787936403035486,2.498473398981184,0.6871094627481176,-1.1857745113867793,-1.9734325192069284,-2.55551352396477,-0.697732683716838,-2.595783201864471,-0.13508203671633942
0.5613235326008157,0.6094607300139901,0.599659408194074,YYXX,-1.5031481710935026,2.612905815439896,0.721311303984538,0.8790274814139298,2.5154515808946627,-1.7647211006519832,2.918567521403407,-2.18588334905121,-2.015506524171652,-1.2325125351427728,-3.064694613455131,2.78030539922519,0.6047307005155562
-0.1263778395109217,-0.1531704914837222,-0.1177293840853214,XXXX,2.2927730611359376,-1.3724566717253146,-2.8343695030951594,2.628773690210438,1.8360529069176232,-0.9264127466925096,-3.033196998575113,-1.5443856124407511,-2.6006098957000194,-2.9743750183494813,-2.708107807230669,-2.2785295712870965,-0.13953375922377642
0.5120233498741358,0.5853422221766214,0.5606976200116467,IZZI,3.082619068035406,2.0155217439606137,-2.620341116973842,-0.9847880386730266,2.1787936403035486,2.498473398981184,0.6871094627481176,-1.1857745113867793,-1.9734325192069284,-2.55551352396477,-0.697732683716838,-2.595783201864471,0.5726574689928761
0.186193639890346,0.1938877481503646,0.1819881962029222,ZIZI,2.2927730611359376,-1.3724566717253146,-2.8343695030951594,2.628773690210438,1.8360529069176232,-0.9264127466925096,-3.033196998575113,-1.5443856124407511,-2.6006098957000194,-2.9743750183494813,-2.708107807230669,-2.2785295712870965,0.21601539129731873
0.5950677197806588,0.6576947176006487,0.6337320263784108,ZZII,-1.5031481710935026,2.612905815439896,0.721311303984538,0.8790274814139298,2.5154515808946627,-1.7647211006519832,2.918567521403407,-2.18588334905121,-2.015506524171652,-1.2325125351427728,-3.064694613455131,2.78030539922519,0.6541109914722781
1.009363460456842,0.9944019330068676,0.993201975886964,IIII,3.082619068035406,2.0155217439606137,-2.620341116973842,-0.9847880386730266,2.1787936403035486,2.498473398981184,0.6871094627481176,-1.1857745113867793,-1.9734325192069284,-2.55551352396477,-0.697732683716838,-2.595783201864471,0.9252148432866784
-0.0911243210302045,-0.1055449866821368,-0.0917499878318025,IIZZ,3.082619068035406,2.0155217439606137,-2.620341116973842,-0.9847880386730266,2.1787936403035486,2.498473398981184,0.6871094627481176,-1.1857745113867793,-1.9734325192069284,-2.55551352396477,-0.697732683716838,-2.595783201864471,-0.09579593397416825
-0.0692242451766471,-0.1158906756068126,-0.0781860811553924,ZIIZ,3.082619068035406,2.0155217439606137,-2.620341116973842,-0.9847880386730266,2.1787936403035486,2.498473398981184,0.6871094627481176,-1.1857745113867793,-1.9734325192069284,-2.55551352396477,-0.697732683716838,-2.595783201864471,-0.08586788778276723
0.3812146727562308,0.4141892571574502,0.4103190227103411,IIIZ,-2.2997578319563545,-0.4354764291410085,2.324193035963665,-1.023668540852026,-2.227038315656237,-0.602796285692683,1.8000401862265063,1.9593485358516205,-1.7686927773666263,-1.6063672925537302,1.3683770009712974,-0.3124919006740265,0.41559687580736265
0.329877054812651,0.3876028932137405,0.3771124183858815,IIZI,-2.2997578319563545,-0.4354764291410085,2.324193035963665,-1.023668540852026,-2.227038315656237,-0.602796285692683,1.8000401862265063,1.9593485358516205,-1.7686927773666263,-1.6063672925537302,1.3683770009712974,-0.3124919006740265,0.36173567426187525
0.2701554002009214,0.2744760144176503,0.2967755284843077,IZII,-1.6269468440798245,0.9544829659711276,-2.2256084581576943,-0.2177885284019813,-0.9938235268235172,1.3191665426520434,-0.4751909094174329,1.450106051935382,-2.697859801203383,-0.8744407923929409,2.48166523659659,-0.1937127950214532,0.2827325129087807
-0.2885855158478058,-0.3330643608148317,-0.3496154486309109,IZIZ,-2.2997578319563545,-0.4354764291410085,2.324193035963665,-1.023668540852026,-2.227038315656237,-0.602796285692683,1.8000401862265063,1.9593485358516205,-1.7686927773666263,-1.6063672925537302,1.3683770009712974,-0.3124919006740265,-0.3273832594594633
-0.3398868064991028,-0.4000558479209393,-0.3902716694228554,ZIII,-1.6269468440798245,0.9544829659711276,-2.2256084581576943,-0.2177885284019813,-0.9938235268235172,1.3191665426520434,-0.4751909094174329,1.450106051935382,-2.697859801203383,-0.8744407923929409,2.48166523659659,-0.1937127950214532,-0.3766131104972034
0.3718340796564756,0.4189592979339865,0.3970303328097211,XXXX,-3.001581347518385,-0.9375936381916228,2.6393717497386096,0.3682265892539704,1.670268022374457,-2.6055470398382266,0.6550820969190685,-2.484245089859222,1.7640874094018295,-2.532299279934823,-1.7471275317511796,-1.74943306249011,0.4086911704603424
-0.3186418893937698,-0.3557574911242485,-0.3349080676062947,YYYY,-2.2997578319563545,-0.4354764291410085,2.324193035963665,-1.023668540852026,-2.227038315656237,-0.602796285692683,1.8000401862265063,1.9593485358516205,-1.7686927773666263,-1.6063672925537302,1.3683770009712974,-0.3124919006740265,-0.36312578120512173
0.0600796373790353,0.0526100702257602,0.0893528435984189,XXYY,-2.2997578319563545,-0.4354764291410085,2.324193035963665,-1.023668540852026,-2.227038315656237,-0.602796285692683,1.8000401862265063,1.9593485358516205,-1.7686927773666263,-1.6063672925537302,1.3683770009712974,-0.3124919006740265,0.0696035870629502
0.3903314391073791,0.4443368273933699,0.4492494335812242,YYXX,-2.2997578319563545,-0.4354764291410085,2.324193035963665,-1.023668540852026,-2.227038315656237,-0.602796285692683,1.8000401862265063,1.9593485358516205,-1.7686927773666263,-1.6063672925537302,1.3683770009712974,-0.3124919006740265,0.4319443735112175
-0.3389076893280764,-0.3811112559085315,-0.379607068099814,ZIZI,-1.5031481710935026,2.612905815439896,0.721311303984538,0.8790274814139298,2.5154515808946627,-1.7647211006519832,2.918567521403407,-2.18588334905121,-2.015506524171652,-1.2325125351427728,-3.064694613455131,2.78030539922519,-0.3587409842793115
-0.1355215313021168,-0.1370938150976199,-0.1470570435549028,IZZI,-3.001581347518385,-0.9375936381916228,2.6393717497386096,0.3682265892539704,1.670268022374457,-2.6055470398382266,0.6550820969190685,-2.484245089859222,1.7640874094018295,-2.532299279934823,-1.7471275317511796,-1.74943306249011,-0.14707000703001524
0.9800484620351732,0.9762303765014808,0.9920644926727956,IIII,-1.5031481710935026,2.612905815439896,0.721311303984538,0.8790274814139298,2.5154515808946627,-1.7647211006519832,2.918567521403407,-2.18588334905121,-2.015506524171652,-1.2325125351427728,-3.064694613455131,2.78030539922519,0.925831328060005
0.3879818462472058,0.4205654041180813,0.4174142205659069,ZZII,-3.001581347518385,-0.9375936381916228,2.6393717497386096,0.3682265892539704,1.670268022374457,-2.6055470398382266,0.6550820969190685,-2.484245089859222,1.7640874094018295,-2.532299279934823,-1.7471275317511796,-1.74943306249011,0.42903310609812595
0.2318305048309528,0.2729719070614682,0.2834240309542189,IIZZ,-3.001581347518385,-0.9375936381916228,2.6393717497386096,0.3682265892539704,1.670268022374457,-2.6055470398382266,0.6550820969190685,-2.484245089859222,1.7640874094018295,-2.532299279934823,-1.7471275317511796,-1.74943306249011,0.26276564576807676
0.2296697704000778,0.2390683052580244,0.2462940225518854,IIZI,-3.001581347518385,-0.9375936381916228,2.6393717497386096,0.3682265892539704,1.670268022374457,-2.6055470398382266,0.6550820969190685,-2.484245089859222,1.7640874094018295,-2.532299279934823,-1.7471275317511796,-1.74943306249011,0.2628248219378847
-0.6865775009620927,-0.7282591975389567,-0.7311917959818522,IZII,-3.001581347518385,-0.9375936381916228,2.6393717497386096,0.3682265892539704,1.670268022374457,-2.6055470398382266,0.6550820969190685,-2.484245089859222,1.7640874094018295,-2.532299279934823,-1.7471275317511796,-1.74943306249011,-0.7544540246117767
0.1029819337448192,0.1210509114090527,0.1117863524613744,IZIZ,3.082619068035406,2.0155217439606137,-2.620341116973842,-0.9847880386730266,2.1787936403035486,2.498473398981184,0.6871094627481176,-1.1857745113867793,-1.9734325192069284,-2.55551352396477,-0.697732683716838,-2.595783201864471,0.10640043469073426
-0.084293303503712,-0.0950469054490583,-0.098982674713578,ZIIZ,3.082619068035406,2.0155217439606137,-2.620341116973842,-0.9847880386730266,2.1787936403035486,2.498473398981184,0.6871094627481176,-1.1857745113867793,-1.9734325192069284,-2.55551352396477,-0.697732683716838,-2.595783201864471,-0.09132106737757978
0.7348086795027254,0.7671914931734992,0.7525912581431886,IIIZ,2.38365472504179,1.0196045821895092,0.4206776989821601,0.6749645819219694,-2.9666538608379818,1.7925751974447373,-1.4474284133770456,2.983671785638092,-0.3725492398289889,0.8139388984732978,-3.013077209741843,0.6841286766867349,0.7907501758812587
0.4714234840514775,0.524160022323422,0.505819630830226,ZIII,2.38365472504179,1.0196045821895092,0.4206776989821601,0.6749645819219694,-2.9666538608379818,1.7925751974447373,-1.4474284133770456,2.983671785638092,-0.3725492398289889,0.8139388984732978,-3.013077209741843,0.6841286766867349,0.537130029664175
0.1958411873941391,0.1857118752297929,0.1890505019774221,XXYY,2.38365472504179,1.0196045821895092,0.4206776989821601,0.6749645819219694,-2.9666538608379818,1.7925751974447373,-1.4474284133770456,2.983671785638092,-0.3725492398289889,0.8139388984732978,-3.013077209741843,0.6841286766867349,0.2129579176726753
-0.0965804251934976,-0.0925272606302529,-0.063024374648007,YYYY,2.38365472504179,1.0196045821895092,0.4206776989821601,0.6749645819219694,-2.9666538608379818,1.7925751974447373,-1.4474284133770456,2.983671785638092,-0.3725492398289889,0.8139388984732978,-3.013077209741843,0.6841286766867349,-0.09992424287819254
-0.3012316533820689,-0.3257546592507211,-0.3193765482823661,YYXX,2.38365472504179,1.0196045821895092,0.4206776989821601,0.6749645819219694,-2.9666538608379818,1.7925751974447373,-1.4474284133770456,2.983671785638092,-0.3725492398289889,0.8139388984732978,-3.013077209741843,0.6841286766867349,-0.3285912679344422
0.2921686261716057,0.3299765264502063,0.2932709862854066,XXXX,2.38365472504179,1.0196045821895092,0.4206776989821601,0.6749645819219694,-2.9666538608379818,1.7925751974447373,-1.4474284133770456,2.983671785638092,-0.3725492398289889,0.8139388984732978,-3.013077209741843,0.6841286766867349,0.31642050062091465
-0.2746173145754256,-0.3052307874056648,-0.3359751670661429,IZZI,-2.2997578319563545,-0.4354764291410085,2.324193035963665,-1.023668540852026,-2.227038315656237,-0.602796285692683,1.8000401862265063,1.9593485358516205,-1.7686927773666263,-1.6063672925537302,1.3683770009712974,-0.3124919006740265,-0.29527989511688696
-0.1839464167372053,-0.1788420856294286,-0.1748631585658475,ZZII,3.011111555450203,-1.9226965046329831,-1.2408256589763305,0.7606109361093161,0.9711510110953344,1.8781700334754028,-2.370318249339625,2.4172656547024687,-1.6504183583400651,-0.919551681097596,-2.581354202817637,1.76819752381712,-0.20359551485857602
-0.3701900531033825,-0.4250968974865099,-0.4139865043769835,ZIZI,-2.2997578319563545,-0.4354764291410085,2.324193035963665,-1.023668540852026,-2.227038315656237,-0.602796285692683,1.8000401862265063,1.9593485358516205,-1.7686927773666263,-1.6063672925537302,1.3683770009712974,-0.3124919006740265,-0.4151442723421408
1.0028548489079496,1.0057002544603209,0.9988747052639056,IIII,3.011111555450203,-1.9226965046329831,-1.2408256589763305,0.7606109361093161,0.9711510110953344,1.8781700334754028,-2.370318249339625,2.4172656547024687,-1.6504183583400651,-0.919551681097596,-2.581354202817637,1.76819752381712,0.9238340665597928
0.1055825392100483,0.1208680825746459,0.1372192527344908,ZIII,-1.601103603605407,-2.668870637460298,-1.7790457466022571,1.345090282868024,-0.2698198105224141,-1.1988135152860333,1.1747746676571076,1.6940947803713788,2.0569246106539305,0.070476654605863,1.9827398019992195,1.363045429840545,0.11613966345717115
-0.6894527599843945,-0.7782457937967547,-0.7400666156001203,IZIZ,-3.001581347518385,-0.9375936381916228,2.6393717497386096,0.3682265892539704,1.670268022374457,-2.6055470398382266,0.6550820969190685,-2.484245089859222,1.7640874094018295,-2.532299279934823,-1.7471275317511796,-1.74943306249011,-0.7599912587135326
-0.0017030963581907,0.0007290827278173,0.008148174000731,IIIZ,3.011111555450203,-1.9226965046329831,-1.2408256589763305,0.7606109361093161,0.9711510110953344,1.8781700334754028,-2.370318249339625,2.4172656547024687,-1.6504183583400651,-0.919551681097596,-2.581354202817637,1.76819752381712,0.0007981425263313863
-0.3762786406266462,-0.4054215560290405,-0.3881406566444836,ZIIZ,-3.001581347518385,-0.9375936381916228,2.6393717497386096,0.3682265892539704,1.670268022374457,-2.6055470398382266,0.6550820969190685,-2.484245089859222,1.7640874094018295,-2.532299279934823,-1.7471275317511796,-1.74943306249011,-0.4193049589394302
0.0955028000771951,0.0899536881601486,0.12052744771218,IIZI,3.011111555450203,-1.9226965046329831,-1.2408256589763305,0.7606109361093161,0.9711510110953344,1.8781700334754028,-2.370318249339625,2.4172656547024687,-1.6504183583400651,-0.919551681097596,-2.581354202817637,1.76819752381712,0.09926449222446256
-0.2211173026604067,-0.1988169487293694,-0.2037960134030275,IZII,3.011111555450203,-1.9226965046329831,-1.2408256589763305,0.7606109361093161,0.9711510110953344,1.8781700334754028,-2.370318249339625,2.4172656547024687,-1.6504183583400651,-0.919551681097596,-2.581354202817637,1.76819752381712,-0.2411759624995979
-0.179090343461053,-0.2278531886123106,-0.2272950284202822,IIZZ,3.011111555450203,-1.9226965046329831,-1.2408256589763305,0.7606109361093161,0.9711510110953344,1.8781700334754028,-2.370318249339625,2.4172656547024687,-1.6504183583400651,-0.919551681097596,-2.581354202817637,1.76819752381712,-0.20270047784757395
-0.8386675514702174,-0.9387790378493102,-0.9094685137564252,YYYY,-1.601103603605407,-2.668870637460298,-1.7790457466022571,1.345090282868024,-0.2698198105224141,-1.1988135152860333,1.1747746676571076,1.6940947803713788,2.0569246106539305,0.070476654605863,1.9827398019992195,1.363045429840545,-0.8842874706086983
0.0391776904828233,0.0524327837193363,0.0663303582998641,XXXX,-1.601103603605407,-2.668870637460298,-1.7790457466022571,1.345090282868024,-0.2698198105224141,-1.1988135152860333,1.1747746676571076,1.6940947803713788,2.0569246106539305,0.070476654605863,1.9827398019992195,1.363045429840545,0.055773185608045714
-0.1894898599661918,-0.2062449532624161,-0.2035319761000852,ZIZI,-1.601103603605407,-2.668870637460298,-1.7790457466022571,1.345090282868024,-0.2698198105224141,-1.1988135152860333,1.1747746676571076,1.6940947803713788,2.0569246106539305,0.070476654605863,1.9827398019992195,1.363045429840545,-0.21695246168133256
-0.2146002696997243,-0.2664236416845459,-0.2157908078001811,ZZII,-1.601103603605407,-2.668870637460298,-1.7790457466022571,1.345090282868024,-0.2698198105224141,-1.1988135152860333,1.1747746676571076,1.6940947803713788,2.0569246106539305,0.070476654605863,1.9827398019992195,1.363045429840545,-0.23890071877693206
0.2315955051511445,0.2400010349150224,0.2356541819094978,XXYY,2.733818278914094,0.3394732170977024,-2.968221839840396,-0.3368914032927539,2.1903844164396693,-0.8454457439256409,-2.3764092755389514,3.0667163956547903,-0.3202231049882105,2.560008665351289,1.6200204399467113,-2.2399722606158314,0.2572879516904693
1.0193783378510028,1.0079775979001548,1.024323831384016,IIII,-1.601103603605407,-2.668870637460298,-1.7790457466022571,1.345090282868024,-0.2698198105224141,-1.1988135152860333,1.1747746676571076,1.6940947803713788,2.0569246106539305,0.070476654605863,1.9827398019992195,1.363045429840545,0.9426757213515031
-0.2964147857079036,-0.3247830400756386,-0.3273587931179017,YYXX,2.38365472504179,1.0196045821895092,0.4206776989821601,0.6749645819219694,-2.9666538608379818,1.7925751974447373,-1.4474284133770456,2.983671785638092,-0.3725492398289889,0.8139388984732978,-3.013077209741843,0.6841286766867349,-0.3235315111650296
0.0891715518864086,0.1071291853788026,0.1395967371867627,IZZI,2.38365472504179,1.0196045821895092,0.4206776989821601,0.6749645819219694,-2.9666538608379818,1.7925751974447373,-1.4474284133770456,2.983671785638092,-0.3725492398289889,0.8139388984732978,-3.013077209741843,0.6841286766867349,0.09648356335682051
0.0941088071786673,0.096738367082799,0.0719818307773109,IZIZ,-0.3122094324204174,2.0888587046084446,-1.105163217660761,-2.206210084245037,-2.2217251205680206,1.46375075128908,-1.9472645540972533,-2.1287462475616605,-1.373826567601789,0.5328801098583749,1.4445001690944803,0.8584770241104911,0.10945104854581013
0.2327137772716808,0.2294303699656301,0.2429685088914919,IIIZ,2.733818278914094,0.3394732170977024,-2.968221839840396,-0.3368914032927539,2.1903844164396693,-0.8454457439256409,-2.3764092755389514,3.0667163956547903,-0.3202231049882105,2.560008665351289,1.6200204399467113,-2.2399722606158314,0.2572727756790519
0.5003643770514279,0.5503290051544613,0.5405436131795673,IIZI,2.733818278914094,0.3394732170977024,-2.968221839840396,-0.3368914032927539,2.1903844164396693,-0.8454457439256409,-2.3764092755389514,3.0667163956547903,-0.3202231049882105,2.560008665351289,1.6200204399467113,-2.2399722606158314,0.563287683203778
0.5208707276338889,0.5405709953693366,0.5473117940571143,IIZZ,2.733818278914094,0.3394732170977024,-2.968221839840396,-0.3368914032927539,2.1903844164396693,-0.8454457439256409,-2.3764092755389514,3.0667163956547903,-0.3202231049882105,2.560008665351289,1.6200204399467113,-2.2399722606158314,0.5823240543655672
0.3316736796858547,0.3580614614926056,0.3351725663012232,IZII,2.733818278914094,0.3394732170977024,-2.968221839840396,-0.3368914032927539,2.1903844164396693,-0.8454457439256409,-2.3764092755389514,3.0667163956547903,-0.3202231049882105,2.560008665351289,1.6200204399467113,-2.2399722606158314,0.3623818987137249
0.4040515732542704,0.449666226831368,0.4549163864446699,ZIII,2.733818278914094,0.3394732170977024,-2.968221839840396,-0.3368914032927539,2.1903844164396693,-0.8454457439256409,-2.3764092755389514,3.0667163956547903,-0.3202231049882105,2.560008665351289,1.6200204399467113,-2.2399722606158314,0.4406824691860959
-0.2972576315698937,-0.351982651723985,-0.3407585702145625,YYXX,-0.3122094324204174,2.0888587046084446,-1.105163217660761,-2.206210084245037,-2.2217251205680206,1.46375075128908,-1.9472645540972533,-2.1287462475616605,-1.373826567601789,0.5328801098583749,1.4445001690944803,0.8584770241104911,-0.333608673143079
0.4969920116908728,0.5595378329982228,0.5471642336977667,XXXX,-0.3122094324204174,2.0888587046084446,-1.105163217660761,-2.206210084245037,-2.2217251205680206,1.46375075128908,-1.9472645540972533,-2.1287462475616605,-1.373826567601789,0.5328801098583749,1.4445001690944803,0.8584770241104911,0.5468216170490509
-0.3025130947276372,-0.3348197091884689,-0.3315970116684728,IZZI,-0.3122094324204174,2.0888587046084446,-1.105163217660761,-2.206210084245037,-2.2217251205680206,1.46375075128908,-1.9472645540972533,-2.1287462475616605,-1.373826567601789,0.5328801098583749,1.4445001690944803,0.8584770241104911,-0.3368954766111399
0.0947882606216149,0.1139694441359516,0.094932229553702,ZIIZ,3.011111555450203,-1.9226965046329831,-1.2408256589763305,0.7606109361093161,0.9711510110953344,1.8781700334754028,-2.370318249339625,2.4172656547024687,-1.6504183583400651,-0.919551681097596,-2.581354202817637,1.76819752381712,0.09934255295669654
-0.1255159734983618,-0.1570254560642885,-0.1437485605450216,ZIZI,-0.3122094324204174,2.0888587046084446,-1.105163217660761,-2.206210084245037,-2.2217251205680206,1.46375075128908,-1.9472645540972533,-2.1287462475616605,-1.373826567601789,0.5328801098583749,1.4445001690944803,0.8584770241104911,-0.1401429710164451
-0.3893021289392748,-0.4360927397449504,-0.4247041226734385,YYYY,3.011111555450203,-1.9226965046329831,-1.2408256589763305,0.7606109361093161,0.9711510110953344,1.8781700334754028,-2.370318249339625,2.4172656547024687,-1.6504183583400651,-0.919551681097596,-2.581354202817637,1.76819752381712,-0.42396043156156715
0.0474101244970054,0.0434209518214144,0.0516813336151671,XXYY,-1.8325768082190577,0.4737072097321659,0.1731589068696388,-1.2410075161628285,-1.9950528707020576,-2.870969858764518,0.2110476799322835,1.4369554890689802,-3.041774943351575,-2.600381272303355,-0.8464663283933431,2.0761733361052004,0.059581031289269705
0.1541759757960015,0.2055941917798373,0.1708240516685863,ZZII,-0.3122094324204174,2.0888587046084446,-1.105163217660761,-2.206210084245037,-2.2217251205680206,1.46375075128908,-1.9472645540972533,-2.1287462475616605,-1.373826567601789,0.5328801098583749,1.4445001690944803,0.8584770241104911,0.17164792141039867
0.526645153745653,0.5445702206473721,0.5484662178436752,IIZZ,-1.601103603605407,-2.668870637460298,-1.7790457466022571,1.345090282868024,-0.2698198105224141,-1.1988135152860333,1.1747746676571076,1.6940947803713788,2.0569246106539305,0.070476654605863,1.9827398019992195,1.363045429840545,0.5683466889518171
0.0752233369090878,0.0574014386589443,0.083963813495409,ZIII,-1.5393829574730928,-1.6705956477393515,-0.1173410370750085,0.0959572509957196,1.8554030678760889,0.2422308017043928,-2.040207400779864,2.4286809696003315,-2.701827457687246,-0.1993608417021546,-1.7359837422225213,-0.5936711823136847,0.08546139342556926
-0.1723300464325677,-0.2005222065011752,-0.2111571249431125,IZIZ,-1.601103603605407,-2.668870637460298,-1.7790457466022571,1.345090282868024,-0.2698198105224141,-1.1988135152860333,1.1747746676571076,1.6940947803713788,2.0569246106539305,0.070476654605863,1.9827398019992195,1.363045429840545,-0.20372541992143536
1.0112037594935124,1.0120339852087177,0.98466172535932,IIII,-1.8325768082190577,0.4737072097321659,0.1731589068696388,-1.2410075161628285,-1.9950528707020576,-2.870969858764518,0.2110476799322835,1.4369554890689802,-3.041774943351575,-2.600381272303355,-0.8464663283933431,2.0761733361052004,0.9361247591534781
0.2898109481347862,0.3073576260129917,0.3075792787129724,IIIZ,-1.8325768082190577,0.4737072097321659,0.1731589068696388,-1.2410075161628285,-1.9950528707020576,-2.870969858764518,0.2110476799322835,1.4369554890689802,-3.041774943351575,-2.600381272303355,-0.8464663283933431,2.0761733361052004,0.31622590046232246
-0.1126137245668835,-0.1138632113262954,-0.1093893567450167,IIZI,-1.8325768082190577,0.4737072097321659,0.1731589068696388,-1.2410075161628285,-1.9950528707020576,-2.870969858764518,0.2110476799322835,1.4369554890689802,-3.041774943351575,-2.600381272303355,-0.8464663283933431,2.0761733361052004,-0.124821622016643
0.2161787640164017,0.229397696384272,0.2362303294504442,IZII,-1.8325768082190577,0.4737072097321659,0.1731589068696388,-1.2410075161628285,-1.9950528707020576,-2.870969858764518,0.2110476799322835,1.4369554890689802,-3.041774943351575,-2.600381272303355,-0.8464663283933431,2.0761733361052004,0.23730602260170805
0.2337002533080972,0.2905607243414915,0.2869236542613066,XXXX,-1.5393829574730928,-1.6705956477393515,-0.1173410370750085,0.0959572509957196,1.8554030678760889,0.2422308017043928,-2.040207400779864,2.4286809696003315,-2.701827457687246,-0.1993608417021546,-1.7359837422225213,-0.5936711823136847,0.2636411186470815
-0.4066001319678134,-0.4567380288234938,-0.4379014440483619,ZIIZ,-1.8325768082190577,0.4737072097321659,0.1731589068696388,-1.2410075161628285,-1.9950528707020576,-2.870969858764518,0.2110476799322835,1.4369554890689802,-3.041774943351575,-2.600381272303355,-0.8464663283933431,2.0761733361052004,-0.44290517795070306
-0.4414220299681274,-0.4847955637897882,-0.4779594770915197,YYYY,2.733818278914094,0.3394732170977024,-2.968221839840396,-0.3368914032927539,2.1903844164396693,-0.8454457439256409,-2.3764092755389514,3.0667163956547903,-0.3202231049882105,2.560008665351289,1.6200204399467113,-2.2399722606158314,-0.46995351234238475
-0.131826624393042,-0.1377657538901035,-0.1151552038253565,IZZI,-1.5393829574730928,-1.6705956477393515,-0.1173410370750085,0.0959572509957196,1.8554030678760889,0.2422308017043928,-2.040207400779864,2.4286809696003315,-2.701827457687246,-0.1993608417021546,-1.7359837422225213,-0.5936711823136847,-0.1452020514893958
-0.1278852299973528,-0.1507586696332398,-0.1440347704842135,ZIZI,-1.5393829574730928,-1.6705956477393515,-0.1173410370750085,0.0959572509957196,1.8554030678760889,0.2422308017043928,-2.040207400779864,2.4286809696003315,-2.701827457687246,-0.1993608417021546,-1.7359837422225213,-0.5936711823136847,-0.1464128231968498
-0.0349667569442194,-0.0263573901426805,-0.0465290913012481,XXYY,0.0831747466115784,-3.0715188720016435,-0.2334502123889668,-0.0882003145055896,0.1986123825847885,-1.2059663804025471,-0.0515681418861251,-2.5542595422060037,0.0011963724411252,1.7781251749431224,0.007864910049339,1.964271249602226,-0.031144142422211068
0.4991577274635858,0.55905403252945,0.5545278661164398,YYXX,2.733818278914094,0.3394732170977024,-2.968221839840396,-0.3368914032927539,2.1903844164396693,-0.8454457439256409,-2.3764092755389514,3.0667163956547903,-0.3202231049882105,2.560008665351289,1.6200204399467113,-2.2399722606158314,0.5631712635859707
-0.1899634776375287,-0.183585031910953,-0.1798017398592682,ZZII,-1.5393829574730928,-1.6705956477393515,-0.1173410370750085,0.0959572509957196,1.8554030678760889,0.2422308017043928,-2.040207400779864,2.4286809696003315,-2.701827457687246,-0.1993608417021546,-1.7359837422225213,-0.5936711823136847,-0.20745162405071096
0.8368551098231171,0.8507929208884667,0.8634551538757281,IIIZ,-1.5393829574730928,-1.6705956477393515,-0.1173410370750085,0.0959572509957196,1.8554030678760889,0.2422308017043928,-2.040207400779864,2.4286809696003315,-2.701827457687246,-0.1993608417021546,-1.7359837422225213,-0.5936711823136847,0.9286232773180723
-0.3825629971363397,-0.4113082041013184,-0.4283799436828115,IIZI,-0.3122094324204174,2.0888587046084446,-1.105163217660761,-2.206210084245037,-2.2217251205680206,1.46375075128908,-1.9472645540972533,-2.1287462475616605,-1.373826567601789,0.5328801098583749,1.4445001690944803,0.8584770241104911,-0.42282520433691084
1.0002479309025487,1.0064488841001895,0.9852388289363156,IIII,0.0831747466115784,-3.0715188720016435,-0.2334502123889668,-0.0882003145055896,0.1986123825847885,-1.2059663804025471,-0.0515681418861251,-2.5542595422060037,0.0011963724411252,1.7781251749431224,0.007864910049339,1.964271249602226,0.9365090535544465
-0.1032324744617965,-0.1260602373142097,-0.1116798758409619,IZIZ,0.4974997351890664,0.6931115216461299,-2.4178482136085075,2.5083865807603747,-1.853840589691252,-0.0612641193703833,1.6408734692925098,1.8525239055416571,1.7861246476402464,-2.954804875100041,-3.075681488471792,2.318589023369644,-0.10223171751527603
0.122063549481627,0.1803246106115408,0.1494001361862914,ZIII,-0.3122094324204174,2.0888587046084446,-1.105163217660761,-2.206210084245037,-2.2217251205680206,1.46375075128908,-1.9472645540972533,-2.1287462475616605,-1.373826567601789,0.5328801098583749,1.4445001690944803,0.8584770241104911,0.1382494977224732
0.0215023539542297,0.0085554068974274,-0.0018787845788203,IIZZ,0.0831747466115784,-3.0715188720016435,-0.2334502123889668,-0.0882003145055896,0.1986123825847885,-1.2059663804025471,-0.0515681418861251,-2.5542595422060037,0.0011963724411252,1.7781251749431224,0.007864910049339,1.964271249602226,0.02013798100960902
0.0529052616256975,0.0836405043657156,0.0787944932577734,YYXX,0.4974997351890664,0.6931115216461299,-2.4178482136085075,2.5083865807603747,-1.853840589691252,-0.0612641193703833,1.6408734692925098,1.8525239055416571,1.7861246476402464,-2.954804875100041,-3.075681488471792,2.318589023369644,0.05849334282501731
0.3043601968160947,0.3284140637255325,0.3259919978053738,IZII,0.0831747466115784,-3.0715188720016435,-0.2334502123889668,-0.0882003145055896,0.1986123825847885,-1.2059663804025471,-0.0515681418861251,-2.5542595422060037,0.0011963724411252,1.7781251749431224,0.007864910049339,1.964271249602226,0.3198573939742415
0.5482863653184648,0.6137980989454878,0.634672547003083,XXXX,1.502855911318444,-0.2493102683938879,-0.9792315061806756,-0.8997220555229499,0.8789226409679847,-0.2081385358728513,1.6174060296047932,-0.7046264916291052,2.664538966570104,-1.9784556481220756,-2.4690677160068084,-0.1875107119725338,0.6005372512189466
-0.5846950132737156,-0.6611630498620699,-0.6372998777517965,ZIIZ,0.0831747466115784,-3.0715188720016435,-0.2334502123889668,-0.0882003145055896,0.1986123825847885,-1.2059663804025471,-0.0515681418861251,-2.5542595422060037,0.0011963724411252,1.7781251749431224,0.007864910049339,1.964271249602226,-0.634923449237839
-0.0241060190242228,-0.0622437561349854,-0.0460951139018916,YYYY,0.0831747466115784,-3.0715188720016435,-0.2334502123889668,-0.0882003145055896,0.1986123825847885,-1.2059663804025471,-0.0515681418861251,-2.5542595422060037,0.0011963724411252,1.7781251749431224,0.007864910049339,1.964271249602226,-0.024852364135940323
1.0116931383658172,1.0192751537949751,1.022525923832803,IIII,0.4974997351890664,0.6931115216461299,-2.4178482136085075,2.5083865807603747,-1.853840589691252,-0.0612641193703833,1.6408734692925098,1.8525239055416571,1.7861246476402464,-2.954804875100041,-3.075681488471792,2.318589023369644,0.929643615638247
-0.4208838787994524,-0.4688968741460989,-0.468892654892396,ZIZI,0.4974997351890664,0.6931115216461299,-2.4178482136085075,2.5083865807603747,-1.853840589691252,-0.0612641193703833,1.6408734692925098,1.8525239055416571,1.7861246476402464,-2.954804875100041,-3.075681488471792,2.318589023369644,-0.4432227337130841
0.0346395058811664,0.0252043527704486,0.0542426382884427,XXYY,-1.8325768082190577,0.4737072097321659,0.1731589068696388,-1.2410075161628285,-1.9950528707020576,-2.870969858764518,0.2110476799322835,1.4369554890689802,-3.041774943351575,-2.600381272303355,-0.8464663283933431,2.0761733361052004,0.030965473198688094
0.0436487289816257,0.0474364239100339,0.0778254138859684,ZZII,1.502855911318444,-0.2493102683938879,-0.9792315061806756,-0.8997220555229499,0.8789226409679847,-0.2081385358728513,1.6174060296047932,-0.7046264916291052,2.664538966570104,-1.9784556481220756,-2.4690677160068084,-0.1875107119725338,0.047227775027689975
0.3111986855710968,0.3424623166008966,0.3264275656802843,IZZI,-1.8325768082190577,0.4737072097321659,0.1731589068696388,-1.2410075161628285,-1.9950528707020576,-2.870969858764518,0.2110476799322835,1.4369554890689802,-3.041774943351575,-2.600381272303355,-0.8464663283933431,2.0761733361052004,0.3482640306161565
0.2173543875352816,0.2295911500647348,0.1965818304178316,IIZI,0.4974997351890664,0.6931115216461299,-2.4178482136085075,2.5083865807603747,-1.853840589691252,-0.0612641193703833,1.6408734692925098,1.8525239055416571,1.7861246476402464,-2.954804875100041,-3.075681488471792,2.318589023369644,0.23705322673702017
-0.1703275202052288,-0.1936860700780519,-0.1811359484663569,IIZZ,0.4974997351890664,0.6931115216461299,-2.4178482136085075,2.5083865807603747,-1.853840589691252,-0.0612641193703833,1.6408734692925098,1.8525239055416571,1.7861246476402464,-2.954804875100041,-3.075681488471792,2.318589023369644,-0.20239225447076478
0.1251348326457084,0.170892265043222,0.1496656416900282,IZII,1.502855911318444,-0.2493102683938879,-0.9792315061806756,-0.8997220555229499,0.8789226409679847,-0.2081385358728513,1.6174060296047932,-0.7046264916291052,2.664538966570104,-1.9784556481220756,-2.4690677160068084,-0.1875107119725338,0.1344084187149078
0.2575038639034642,0.2917861789457076,0.2917045776757774,IZIZ,1.502855911318444,-0.2493102683938879,-0.9792315061806756,-0.8997220555229499,0.8789226409679847,-0.2081385358728513,1.6174060296047932,-0.7046264916291052,2.664538966570104,-1.9784556481220756,-2.4690677160068084,-0.1875107119725338,0.2820073427056479
0.4272699652907066,0.4434605072525888,0.4357176755299108,IIIZ,-0.496672402851205,-2.3403520760859085,-1.8509997172240544,2.1088186589444504,0.1169557721906442,2.128600583062478,0.865020679559442,-1.9051730411930217,1.4575893488142937,1.5703310136180963,-2.3383457744693006,2.127062159930893,0.4738231664314714
0.0552384939772504,0.0763975989998483,0.0824928980186785,ZIII,-1.5393829574730928,-1.6705956477393515,-0.1173410370750085,0.0959572509957196,1.8554030678760889,0.2422308017043928,-2.040207400779864,2.4286809696003315,-2.701827457687246,-0.1993608417021546,-1.7359837422225213,-0.5936711823136847,0.06481586378542695
0.1789739307666759,0.1804436966122502,0.1623978254165439,YYYY,-1.5393829574730928,-1.6705956477393515,-0.1173410370750085,0.0959572509957196,1.8554030678760889,0.2422308017043928,-2.040207400779864,2.4286809696003315,-2.701827457687246,-0.1993608417021546,-1.7359837422225213,-0.5936711823136847,0.20994884699910674
0.4013325271985567,0.4271798336008614,0.4409015176478435,XXYY,1.502855911318444,-0.2493102683938879,-0.9792315061806756,-0.8997220555229499,0.8789226409679847,-0.2081385358728513,1.6174060296047932,-0.7046264916291052,2.664538966570104,-1.9784556481220756,-2.4690677160068084,-0.1875107119725338,0.42980131662165005
0.0882033722211956,0.087476008391186,0.0862088908637672,YYXX,1.502855911318444,-0.2493102683938879,-0.9792315061806756,-0.8997220555229499,0.8789226409679847,-0.2081385358728513,1.6174060296047932,-0.7046264916291052,2.664538966570104,-1.9784556481220756,-2.4690677160068084,-0.1875107119725338,0.10021926395274533
-0.0610109701696616,-0.0763848880648801,-0.0730494218338486,ZIIZ,-0.496672402851205,-2.3403520760859085,-1.8509997172240544,2.1088186589444504,0.1169557721906442,2.128600583062478,0.865020679559442,-1.9051730411930217,1.4575893488142937,1.5703310136180963,-2.3383457744693006,2.127062159930893,-0.0623145466355963
0.2248603922472101,0.2408923083266265,0.2346284834308726,ZIZI,-2.763037022765905,-1.576140275068911,-2.9528621676293945,1.8066266677530336,-1.816402403526472,-0.2451479792117807,0.7250900152283659,0.9974756620288748,-2.352172903373676,2.969126096277548,0.7258538287727458,-0.2959481462415159,0.2570959033358153
-0.439478921969503,-0.4857968844154662,-0.4831046540041384,ZZII,0.0831747466115784,-3.0715188720016435,-0.2334502123889668,-0.0882003145055896,0.1986123825847885,-1.2059663804025471,-0.0515681418861251,-2.5542595422060037,0.0011963724411252,1.7781251749431224,0.007864910049339,1.964271249602226,-0.4858118310984942
0.0206628101480776,0.0172919864552248,0.0210231299468524,XXXX,-0.496672402851205,-2.3403520760859085,-1.8509997172240544,2.1088186589444504,0.1169557721906442,2.128600583062478,0.865020679559442,-1.9051730411930217,1.4575893488142937,1.5703310136180963,-2.3383457744693006,2.127062159930893,0.030273282043437058
0.010286284826515,0.0208515504123325,0.0011601280487348,IIZZ,-2.763037022765905,-1.576140275068911,-2.9528621676293945,1.8066266677530336,-1.816402403526472,-0.2451479792117807,0.7250900152283659,0.9974756620288748,-2.352172903373676,2.969126096277548,0.7258538287727458,-0.2959481462415159,0.018480150970507214
0.0124206875165906,-0.0130725646894685,0.0050580389992845,IZZI,-0.496672402851205,-2.3403520760859085,-1.8509997172240544,2.1088186589444504,0.1169557721906442,2.128600583062478,0.865020679559442,-1.9051730411930217,1.4575893488142937,1.5703310136180963,-2.3383457744693006,2.127062159930893,0.029858870537426804
1.0044289010252667,1.0091215567705412,1.0112723694065922,IIII,0.0831747466115784,-3.0715188720016435,-0.2334502123889668,-0.0882003145055896,0.1986123825847885,-1.2059663804025471,-0.0515681418861251,-2.5542595422060037,0.0011963724411252,1.7781251749431224,0.007864910049339,1.964271249602226,0.9365090535544465
0.4072032507872525,0.4417325447791101,0.457648855089705,IIIZ,-0.496672402851205,-2.3403520760859085,-1.8509997172240544,2.1088186589444504,0.1169557721906442,2.128600583062478,0.865020679559442,-1.9051730411930217,1.4575893488142937,1.5703310136180963,-2.3383457744693006,2.127062159930893,0.45802734702881487
-0.2850745862096343,-0.3035671916171681,-0.320927432377356,IIZI,-0.496672402851205,-2.3403520760859085,-1.8509997172240544,2.1088186589444504,0.1169557721906442,2.128600583062478,0.865020679559442,-1.9051730411930217,1.4575893488142937,1.5703310136180963,-2.3383457744693006,2.127062159930893,-0.31683993094424023
-0.1122349322806212,-0.1179496739367971,-0.1053054210838255,IZIZ,0.4974997351890664,0.6931115216461299,-2.4178482136085075,2.5083865807603747,-1.853840589691252,-0.0612641193703833,1.6408734692925098,1.8525239055416571,1.7861246476402464,-2.954804875100041,-3.075681488471792,2.318589023369644,-0.11728383082144861
0.376468099419584,0.4004560444429683,0.4016455349521348,ZIII,-2.763037022765905,-1.576140275068911,-2.9528621676293945,1.8066266677530336,-1.816402403526472,-0.2451479792117807,0.7250900152283659,0.9974756620288748,-2.352172903373676,2.969126096277548,0.7258538287727458,-0.2959481462415159,0.40341720504643247
0.3670589925333445,0.3688874206149428,0.3544205068126627,IZII,-3.1037381544083105,-3.041041112579184,-1.0446122954050918,-0.3509002401588752,0.0364234372511238,-2.3342165898701834,2.6712894742454614,0.7290888008002843,-1.7196911229142284,-1.1462997949306348,-0.8866954301843792,0.1916954140298896,0.4115487195564749
0.052447125574578,0.0561909783922244,0.0175283761621882,YYYY,-2.763037022765905,-1.576140275068911,-2.9528621676293945,1.8066266677530336,-1.816402403526472,-0.2451479792117807,0.7250900152283659,0.9974756620288748,-2.352172903373676,2.969126096277548,0.7258538287727458,-0.2959481462415159,0.07136234970412997
0.4301083825012451,0.4779372303454827,0.4446301990525587,XXYY,0.4974997351890664,0.6931115216461299,-2.4178482136085075,2.5083865807603747,-1.853840589691252,-0.0612641193703833,1.6408734692925098,1.8525239055416571,1.7861246476402464,-2.954804875100041,-3.075681488471792,2.318589023369644,0.46839873901255125
0.5657435443095782,0.6054304520882915,0.569741726609029,YYXX,-2.763037022765905,-1.576140275068911,-2.9528621676293945,1.8066266677530336,-1.816402403526472,-0.2451479792117807,0.7250900152283659,0.9974756620288748,-2.352172903373676,2.969126096277548,0.7258538287727458,-0.2959481462415159,0.615893437873418
0.6141490331934203,0.6879489011538752,0.6585570522353699,XXXX,-2.763037022765905,-1.576140275068911,-2.9528621676293945,1.8066266677530336,-1.816402403526472,-0.2451479792117807,0.7250900152283659,0.9974756620288748,-2.352172903373676,2.969126096277548,0.7258538287727458,-0.2959481462415159,0.6906627410833278
-0.3441684493665399,-0.3819033440857191,-0.4125329803982573,IZZI,1.502855911318444,-0.2493102683938879,-0.9792315061806756,-0.8997220555229499,0.8789226409679847,-0.2081385358728513,1.6174060296047932,-0.7046264916291052,2.664538966570104,-1.9784556481220756,-2.4690677160068084,-0.1875107119725338,-0.3605557355030733
0.0946868832932343,0.0854021945112588,0.0829780448899077,IIIZ,1.502855911318444,-0.2493102683938879,-0.9792315061806756,-0.8997220555229499,0.8789226409679847,-0.2081385358728513,1.6174060296047932,-0.7046264916291052,2.664538966570104,-1.9784556481220756,-2.4690677160068084,-0.1875107119725338,0.10443454641875348
-0.0522093090254832,-0.0529198935550593,-0.0602202252815992,ZIIZ,-3.1037381544083105,-3.041041112579184,-1.0446122954050918,-0.3509002401588752,0.0364234372511238,-2.3342165898701834,2.6712894742454614,0.7290888008002843,-1.7196911229142284,-1.1462997949306348,-0.8866954301843792,0.1916954140298896,-0.055348309202715724
0.4170275432424709,0.4194478692147224,0.4293047184840041,ZZII,2.887352566168192,-1.02778203894194,1.5616670536218074,2.53614877671282,1.240323184250422,2.729146767566696,-2.769386285031608,2.5260131622999378,-1.449244389561395,1.3015904229635131,-2.615186292612466,0.4993564625428734,0.45843295614520957
-0.3143722406324594,-0.3136254361476364,-0.3008902903001512,ZIZI,-3.1037381544083105,-3.041041112579184,-1.0446122954050918,-0.3509002401588752,0.0364234372511238,-2.3342165898701834,2.6712894742454614,0.7290888008002843,-1.7196911229142284,-1.1462997949306348,-0.8866954301843792,0.1916954140298896,-0.35934509178031016
1.0104921499452657,0.9934499068998744,1.0112894695758408,IIII,-3.1037381544083105,-3.041041112579184,-1.0446122954050918,-0.3509002401588752,0.0364234372511238,-2.3342165898701834,2.6712894742454614,0.7290888008002843,-1.7196911229142284,-1.1462997949306348,-0.8866954301843792,0.1916954140298896,0.9346538117520747
-0.184539019336188,-0.2252533975250468,-0.2076555508148204,ZIIZ,0.1951692891814609,2.787688462664449,-2.043969773628699,-2.755816193505628,0.3555732842022059,-0.2430941336757834,0.5038282873003981,1.5272533247327544,-1.056013574907618,0.0042962641176202,-1.4280439917469416,-1.4282195422833472,-0.20141303037775338
0.3516476820464658,0.3743466326781545,0.3801163277929941,IZII,-0.496672402851205,-2.3403520760859085,-1.8509997172240544,2.1088186589444504,0.1169557721906442,2.128600583062478,0.865020679559442,-1.9051730411930217,1.4575893488142937,1.5703310136180963,-2.3383457744693006,2.127062159930893,0.3875149752961368
0.2778190724880621,0.2969184432168381,0.2646783111328234,IIZI,-3.1037381544083105,-3.041041112579184,-1.0446122954050918,-0.3509002401588752,0.0364234372511238,-2.3342165898701834,2.6712894742454614,0.7290888008002843,-1.7196911229142284,-1.1462997949306348,-0.8866954301843792,0.1916954140298896,0.31448429178511106
0.0437525001384485,0.0471627829167186,0.0457473327649543,IIZZ,-3.1037381544083105,-3.041041112579184,-1.0446122954050918,-0.3509002401588752,0.0364234372511238,-2.3342165898701834,2.6712894742454614,0.7290888008002843,-1.7196911229142284,-1.1462997949306348,-0.8866954301843792,0.1916954140298896,0.05490827763790735
0.0151506853393967,0.0268453800644113,0.0007610486942955,IZIZ,-0.496672402851205,-2.3403520760859085,-1.8509997172240544,2.1088186589444504,0.1169557721906442,2.128600583062478,0.865020679559442,-1.9051730411930217,1.4575893488142937,1.5703310136180963,-2.3383457744693006,2.127062159930893,0.029737081277190026
0.6295769222843828,0.6635093483520788,0.6816415569648646,XXXX,-2.763037022765905,-1.576140275068911,-2.9528621676293945,1.8066266677530336,-1.816402403526472,-0.2451479792117807,0.7250900152283659,0.9974756620288748,-2.352172903373676,2.969126096277548,0.7258538287727458,-0.2959481462415159,0.7138632930870886
0.3144110334202099,0.3372012292062124,0.3323344471919418,ZIII,2.887352566168192,-1.02778203894194,1.5616670536218074,2.53614877671282,1.240323184250422,2.729146767566696,-2.769386285031608,2.5260131622999378,-1.449244389561395,1.3015904229635131,-2.615186292612466,0.4993564625428734,0.3559115289767329
0.2388442064349756,0.284291834509727,0.2671782598930963,YYYY,2.887352566168192,-1.02778203894194,1.5616670536218074,2.53614877671282,1.240323184250422,2.729146767566696,-2.769386285031608,2.5260131622999378,-1.449244389561395,1.3015904229635131,-2.615186292612466,0.4993564625428734,0.25433703626079124
-0.5740439390401345,-0.5976103629050166,-0.6291691576051288,ZZII,-2.763037022765905,-1.576140275068911,-2.9528621676293945,1.8066266677530336,-1.816402403526472,-0.2451479792117807,0.7250900152283659,0.9974756620288748,-2.352172903373676,2.969126096277548,0.7258538287727458,-0.2959481462415159,-0.6408553206219656
0.5824135054258127,0.6659250016416267,0.6392437970919514,YYXX,-1.3930339165834886,2.4646772195027946,-0.2698896797667012,0.7874146147262331,0.6795544149529329,-2.7280386464745123,-3.0625474057130853,-0.8380993479615118,-0.2660798490046376,0.8200155633349664,2.673751932828134,-2.180362096938943,0.6559656727514284
-0.5881498009012907,-0.6625920327028487,-0.6323316261104666,XXYY,2.887352566168192,-1.02778203894194,1.5616670536218074,2.53614877671282,1.240323184250422,2.729146767566696,-2.769386285031608,2.5260131622999378,-1.449244389561395,1.3015904229635131,-2.615186292612466,0.4993564625428734,-0.6483446767596456
0.2709565618284645,0.2769922661242946,0.2826688124853573,IIIZ,0.1951692891814609,2.787688462664449,-2.043969773628699,-2.755816193505628,0.3555732842022059,-0.2430941336757834,0.5038282873003981,1.5272533247327544,-1.056013574907618,0.0042962641176202,-1.4280439917469416,-1.4282195422833472,0.28810475628801324
-0.8506515024228182,-0.8939623642786771,-0.9122670428681204,IIZI,0.1951692891814609,2.787688462664449,-2.043969773628699,-2.755816193505628,0.3555732842022059,-0.2430941336757834,0.5038282873003981,1.5272533247327544,-1.056013574907618,0.0042962641176202,-1.4280439917469416,-1.4282195422833472,-0.9057568468772932
0.0228869164678312,0.0648935220924835,0.0769939668575031,ZIZI,2.887352566168192,-1.02778203894194,1.5616670536218074,2.53614877671282,1.240323184250422,2.729146767566696,-2.769386285031608,2.5260131622999378,-1.449244389561395,1.3015904229635131,-2.615186292612466,0.4993564625428734,0.02333642137340327
0.6546195276711149,0.7279769485886528,0.721900278288647,IZII,-1.7107704818771947,0.2689584040089934,-1.874019349123132,1.4759569871138511,-1.6073527865684565,-1.4760815825255555,-2.468454081842225,-0.8992346205317729,2.90823628878217,-1.4878891749290406,-2.080987353102324,0.8929508209830166,0.725513023137491
0.0647883286055282,0.048312162027412,0.0586316606829202,IZZI,2.887352566168192,-1.02778203894194,1.5616670536218074,2.53614877671282,1.240323184250422,2.729146767566696,-2.769386285031608,2.5260131622999378,-1.449244389561395,1.3015904229635131,-2.615186292612466,0.4993564625428734,0.06944433793626589
0.9949475678136506,0.9925685909304476,0.9928978897097628,IIII,-3.1037381544083105,-3.041041112579184,-1.0446122954050918,-0.3509002401588752,0.0364234372511238,-2.3342165898701834,2.6712894742454614,0.7290888008002843,-1.7196911229142284,-1.1462997949306348,-0.8866954301843792,0.1916954140298896,0.9346538117520747
-0.1339145802079732,-0.1455088585326304,-0.1406568726452139,IZIZ,0.1951692891814609,2.787688462664449,-2.043969773628699,-2.755816193505628,0.3555732842022059,-0.2430941336757834,0.5038282873003981,1.5272533247327544,-1.056013574907618,0.0042962641176202,-1.4280439917469416,-1.4282195422833472,-0.1361136070812825
-0.1141020080062261,-0.1374568387183329,-0.1146288945965047,YYYY,0.1951692891814609,2.787688462664449,-2.043969773628699,-2.755816193505628,0.3555732842022059,-0.2430941336757834,0.5038282873003981,1.5272533247327544,-1.056013574907618,0.0042962641176202,-1.4280439917469416,-1.4282195422833472,-0.13135195914254238
0.2842000723829712,0.2964527673296075,0.2754395913815855,XXYY,-1.0362477744260614,-1.2267754826271984,1.7710091912443815,-2.6544174988390026,1.377288401130344,1.980080576810865,-0.0497697903334279,0.126164750136704,0.2137503649581447,0.9471313747124412,0.1889830560227188,2.298456432393264,0.3251098386386524
0.0292555046315223,0.0374258087758523,0.0219539204087175,IIZZ,-3.1037381544083105,-3.041041112579184,-1.0446122954050918,-0.3509002401588752,0.0364234372511238,-2.3342165898701834,2.6712894742454614,0.7290888008002843,-1.7196911229142284,-1.1462997949306348,-0.8866954301843792,0.1916954140298896,0.03667383481048575
-0.0630412201336093,-0.0494882082557166,-0.078836864344098,YYXX,0.1951692891814609,2.787688462664449,-2.043969773628699,-2.755816193505628,0.3555732842022059,-0.2430941336757834,0.5038282873003981,1.5272533247327544,-1.056013574907618,0.0042962641176202,-1.4280439917469416,-1.4282195422833472,-0.06453808974879648
0.1350185546206611,0.1501251491601841,0.1394636291837156,ZIIZ,-1.3930339165834886,2.4646772195027946,-0.2698896797667012,0.7874146147262331,0.6795544149529329,-2.7280386464745123,-3.0625474057130853,-0.8380993479615118,-0.2660798490046376,0.8200155633349664,2.673751932828134,-2.180362096938943,0.14963693388140692
0.3739244274005006,0.4418649358784513,0.4223038519734411,ZIII,-1.3930339165834886,2.4646772195027946,-0.2698896797667012,0.7874146147262331,0.6795544149529329,-2.7280386464745123,-3.0625474057130853,-0.8380993479615118,-0.2660798490046376,0.8200155633349664,2.673751932828134,-2.180362096938943,0.4119944927044957
-0.2881261131324809,-0.3059692841183117,-0.3345505146595268,XXXX,2.887352566168192,-1.02778203894194,1.5616670536218074,2.53614877671282,1.240323184250422,2.729146767566696,-2.769386285031608,2.5260131622999378,-1.449244389561395,1.3015904229635131,-2.615186292612466,0.4993564625428734,-0.31971568262706984
0.386401906275,0.3761767488418016,0.348533770458758,ZIZI,-1.3930339165834886,2.4646772195027946,-0.2698896797667012,0.7874146147262331,0.6795544149529329,-2.7280386464745123,-3.0625474057130853,-0.8380993479615118,-0.2660798490046376,0.8200155633349664,2.673751932828134,-2.180362096938943,0.4279351510140835
0.3456025188922381,0.3691147095901054,0.3576721349569975,IZZI,-1.3930339165834886,2.4646772195027946,-0.2698896797667012,0.7874146147262331,0.6795544149529329,-2.7280386464745123,-3.0625474057130853,-0.8380993479615118,-0.2660798490046376,0.8200155633349664,2.673751932828134,-2.180362096938943,0.38215985188728646
-0.0606288586600239,-0.0132036638347492,-0.0542077313464766,ZZII,0.3716250993769909,0.8514639278581497,1.2328232195811797,-0.0458265070095142,2.7606481529989715,-2.941624609098054,1.6953670363224154,0.6807388057387569,0.8695130067084715,-1.4826570708058562,2.1687056570709498,-1.4299937820212696,-0.06516834822208944
-0.0176273500928595,-0.0431812732857195,-0.0407456680586314,IIZI,-1.7107704818771947,0.2689584040089934,-1.874019349123132,1.4759569871138511,-1.6073527865684565,-1.4760815825255555,-2.468454081842225,-0.8992346205317729,2.90823628878217,-1.4878891749290406,-2.080987353102324,0.8929508209830166,-7.422513177719768e-05
-0.1059469996619774,-0.1333761602338091,-0.1499820798869737,IIZZ,-1.7107704818771947,0.2689584040089934,-1.874019349123132,1.4759569871138511,-1.6073527865684565,-1.4760815825255555,-2.468454081842225,-0.8992346205317729,2.90823628878217,-1.4878891749290406,-2.080987353102324,0.8929508209830166,-0.1114333625699754
1.0111242326783445,0.9869017586857006,1.0229848870995446,IIII,2.887352566168192,-1.02778203894194,1.5616670536218074,2.53614877671282,1.240323184250422,2.729146767566696,-2.769386285031608,2.5260131622999378,-1.449244389561395,1.3015904229635131,-2.615186292612466,0.4993564625428734,0.9222720501360733
-0.4643112910603835,-0.5100296266454459,-0.4917002765845393,IZII,0.1951692891814609,2.787688462664449,-2.043969773628699,-2.755816193505628,0.3555732842022059,-0.2430941336757834,0.5038282873003981,1.5272533247327544,-1.056013574907618,0.0042962641176202,-1.4280439917469416,-1.4282195422833472,-0.5165350163717866
0.50265394571034,0.5205308329421996,0.5183882955469328,IIIZ,-1.3930339165834886,2.4646772195027946,-0.2698896797667012,0.7874146147262331,0.6795544149529329,-2.7280386464745123,-3.0625474057130853,-0.8380993479615118,-0.2660798490046376,0.8200155633349664,2.673751932828134,-2.180362096938943,0.5650131995061711
0.0537328369834776,0.0505275292489589,0.0437407053692369,IZIZ,-1.7107704818771947,0.2689584040089934,-1.874019349123132,1.4759569871138511,-1.6073527865684565,-1.4760815825255555,-2.468454081842225,-0.8992346205317729,2.90823628878217,-1.4878891749290406,-2.080987353102324,0.8929508209830166,0.06563213821906434
-0.7418246536640886,-0.7975519240432247,-0.7801938475808544,ZIII,-1.7107704818771947,0.2689584040089934,-1.874019349123132,1.4759569871138511,-1.6073527865684565,-1.4760815825255555,-2.468454081842225,-0.8992346205317729,2.90823628878217,-1.4878891749290406,-2.080987353102324,0.8929508209830166,-0.8172229586755442
-0.0475788807125192,-0.0572086084454343,-0.069196896050317,ZIIZ,-1.582660010530227,-3.0884586672432537,2.8646563830785245,-1.4908508909385834,-2.85309864135899,-0.8841493019723936,-0.3342852343042097,0.9974087041744024,1.336455018920673,0.5867020696474663,-2.691835367368965,-1.6309641113062892,-0.060105126912049826
-0.0257646663963308,-0.0311130927972778,-0.0283856731472774,YYYY,-1.0362477744260614,-1.2267754826271984,1.7710091912443815,-2.6544174988390026,1.377288401130344,1.980080576810865,-0.0497697903334279,0.126164750136704,0.2137503649581447,0.9471313747124412,0.1889830560227188,2.298456432393264,-0.020229244884787088
-0.0785539280797303,-0.0852550935302976,-0.081587071518221,YYXX,0.1951692891814609,2.787688462664449,-2.043969773628699,-2.755816193505628,0.3555732842022059,-0.2430941336757834,0.5038282873003981,1.5272533247327544,-1.056013574907618,0.0042962641176202,-1.4280439917469416,-1.4282195422833472,-0.08529801663680914
0.2714305120198597,0.2817482198571218,0.2924754491099621,XXYY,-1.0362477744260614,-1.2267754826271984,1.7710091912443815,-2.6544174988390026,1.377288401130344,1.980080576810865,-0.0497697903334279,0.126164750136704,0.2137503649581447,0.9471313747124412,0.1889830560227188,2.298456432393264,0.2849886503384076
0.4944979295350699,0.5308547341423565,0.5091876211917535,ZIZI,-1.0362477744260614,-1.2267754826271984,1.7710091912443815,-2.6544174988390026,1.377288401130344,1.980080576810865,-0.0497697903334279,0.126164750136704,0.2137503649581447,0.9471313747124412,0.1889830560227188,2.298456432393264,0.5452239154499305
-0.0496213890933537,-0.0295435560091596,-0.0553299037210402,IZZI,-1.7107704818771947,0.2689584040089934,-1.874019349123132,1.4759569871138511,-1.6073527865684565,-1.4760815825255555,-2.468454081842225,-0.8992346205317729,2.90823628878217,-1.4878891749290406,-2.080987353102324,0.8929508209830166,-0.06302872822356828
-0.0665644718375816,-0.0708534600831791,-0.1235119476408986,ZZII,-1.0362477744260614,-1.2267754826271984,1.7710091912443815,-2.6544174988390026,1.377288401130344,1.980080576810865,-0.0497697903334279,0.126164750136704,0.2137503649581447,0.9471313747124412,0.1889830560227188,2.298456432393264,-0.07022482644417889
0.1926250353326878,0.1962357879337983,0.1933584544910285,IZIZ,-1.0362477744260614,-1.2267754826271984,1.7710091912443815,-2.6544174988390026,1.377288401130344,1.980080576810865,-0.0497697903334279,0.126164750136704,0.2137503649581447,0.9471313747124412,0.1889830560227188,2.298456432393264,0.21040662103743038
-0.048199029673412,-0.0707966266735122,-0.0657538177340539,XXXX,-1.3930339165834886,2.4646772195027946,-0.2698896797667012,0.7874146147262331,0.6795544149529329,-2.7280386464745123,-3.0625474057130853,-0.8380993479615118,-0.2660798490046376,0.8200155633349664,2.673751932828134,-2.180362096938943,-0.05689064509698322
0.9944340007386498,1.0038500849651553,1.0043412284823354,IIII,-2.059842061620204,-0.7797095261530127,1.1425483304888706,2.292191291919057,1.8509803726949572,-0.6511726526725732,-2.7915297738696268,-1.643083348888144,-1.2018444611684451,-1.8463317809500324,1.3990537364150502,-1.3272836752175017,0.9350827275028282
-0.6266918870946385,-0.6277489562132466,-0.6292376954186745,IIIZ,0.3716250993769909,0.8514639278581497,1.2328232195811797,-0.0458265070095142,2.7606481529989715,-2.941624609098054,1.6953670363224154,0.6807388057387569,0.8695130067084715,-1.4826570708058562,2.1687056570709498,-1.4299937820212696,-0.6924049814671625
0.0125725831102252,0.0090870421871266,0.0152841760803509,IIZI,-1.3930339165834886,2.4646772195027946,-0.2698896797667012,0.7874146147262331,0.6795544149529329,-2.7280386464745123,-3.0625474057130853,-0.8380993479615118,-0.2660798490046376,0.8200155633349664,2.673751932828134,-2.180362096938943,0.01922132776666702
-0.0530574345724907,-0.0574427275974327,-0.0615123998142039,IIZZ,0.3716250993769909,0.8514639278581497,1.2328232195811797,-0.0458265070095142,2.7606481529989715,-2.941624609098054,1.6953670363224154,0.6807388057387569,0.8695130067084715,-1.4826570708058562,2.1687056570709498,-1.4299937820212696,-0.05984204622369895
-0.1046827939617714,-0.1389514408062239,-0.1392530274401911,YYYY,-1.7107704818771947,0.2689584040089934,-1.874019349123132,1.4759569871138511,-1.6073527865684565,-1.4760815825255555,-2.468454081842225,-0.8992346205317729,2.90823628878217,-1.4878891749290406,-2.080987353102324,0.8929508209830166,-0.10674958372484512
-0.417901844256618,-0.4381743312928087,-0.4191708122072762,IZII,0.3716250993769909,0.8514639278581497,1.2328232195811797,-0.0458265070095142,2.7606481529989715,-2.941624609098054,1.6953670363224154,0.6807388057387569,0.8695130067084715,-1.4826570708058562,2.1687056570709498,-1.4299937820212696,-0.44728056305726865
0.4660037393872139,0.550180923724607,0.5477827254667796,YYXX,-1.582660010530227,-3.0884586672432537,2.8646563830785245,-1.4908508909385834,-2.85309864135899,-0.8841493019723936,-0.3342852343042097,0.9974087041744024,1.336455018920673,0.5867020696474663,-2.691835367368965,-1.6309641113062892,0.5157065887646511
-0.4786107760934349,-0.5159927974677506,-0.4950339771595157,XXXX,-1.7107704818771947,0.2689584040089934,-1.874019349123132,1.4759569871138511,-1.6073527865684565,-1.4760815825255555,-2.468454081842225,-0.8992346205317729,2.90823628878217,-1.4878891749290406,-2.080987353102324,0.8929508209830166,-0.5068949057640583
-0.0808703513217102,-0.0862212323847531,-0.0657667718701598,ZZII,-1.582660010530227,-3.0884586672432537,2.8646563830785245,-1.4908508909385834,-2.85309864135899,-0.8841493019723936,-0.3342852343042097,0.9974087041744024,1.336455018920673,0.5867020696474663,-2.691835367368965,-1.6309641113062892,-0.08963781658622602
-0.0860895546088665,-0.0830711073631453,-0.108902020500571,IZZI,-1.582660010530227,-3.0884586672432537,2.8646563830785245,-1.4908508909385834,-2.85309864135899,-0.8841493019723936,-0.3342852343042097,0.9974087041744024,1.336455018920673,0.5867020696474663,-2.691835367368965,-1.6309641113062892,-0.10023215667824471
-0.0810567497299413,-0.0790570730625017,-0.0982483663957511,ZIIZ,0.3716250993769909,0.8514639278581497,1.2328232195811797,-0.0458265070095142,2.7606481529989715,-2.941624609098054,1.6953670363224154,0.6807388057387569,0.8695130067084715,-1.4826570708058562,2.1687056570709498,-1.4299937820212696,-0.08984439592502609
0.4957668448261744,0.5248629365536461,0.5519039538854439,ZIZI,-1.0362477744260614,-1.2267754826271984,1.7710091912443815,-2.6544174988390026,1.377288401130344,1.980080576810865,-0.0497697903334279,0.126164750136704,0.2137503649581447,0.9471313747124412,0.1889830560227188,2.298456432393264,0.5451262954502886
0.117704124606435,0.1236036600076361,0.0981665580203293,ZIII,0.3716250993769909,0.8514639278581497,1.2328232195811797,-0.0458265070095142,2.7606481529989715,-2.941624609098054,1.6953670363224154,0.6807388057387569,0.8695130067084715,-1.4826570708058562,2.1687056570709498,-1.4299937820212696,0.1178462968592866
-0.3186787465082494,-0.3654656960679947,-0.3651746965252482,XXYY,-2.095832792031742,0.5288774336230522,-0.7437444813710088,1.2131630422204926,1.0667579539128085,0.2061531440286268,-1.5731886430356925,-0.5573003845891042,-0.9449059318510802,3.0223240330698937,2.5093399221178965,2.3001090275723897,-0.3586971020941357
-0.7984848400597667,-0.7813225145911509,-0.7823797422453855,IIIZ,-1.0362477744260614,-1.2267754826271984,1.7710091912443815,-2.6544174988390026,1.377288401130344,1.980080576810865,-0.0497697903334279,0.126164750136704,0.2137503649581447,0.9471313747124412,0.1889830560227188,2.298456432393264,-0.8811892781476134
0.0170858735622512,0.0497275906381681,0.04962376848726,IZII,-1.582660010530227,-3.0884586672432537,2.8646563830785245,-1.4908508909385834,-2.85309864135899,-0.8841493019723936,-0.3342852343042097,0.9974087041744024,1.336455018920673,0.5867020696474663,-2.691835367368965,-1.6309641113062892,0.02147591340719126
1.0190715423782126,1.0017544793641615,0.9936747206023236,IIII,-2.059842061620204,-0.7797095261530127,1.1425483304888706,2.292191291919057,1.8509803726949572,-0.6511726526725732,-2.7915297738696268,-1.643083348888144,-1.2018444611684451,-1.8463317809500324,1.3990537364150502,-1.3272836752175017,0.9350827275028282
-0.519467310173339,-0.5492061649434962,-0.5390354911702812,ZIII,-1.582660010530227,-3.0884586672432537,2.8646563830785245,-1.4908508909385834,-2.85309864135899,-0.8841493019723936,-0.3342852343042097,0.9974087041744024,1.336455018920673,0.5867020696474663,-2.691835367368965,-1.6309641113062892,-0.5546090013621494
-0.1606555881840951,-0.1739863430189467,-0.14720508182345,ZIIZ,-1.5560137322473069,-1.1626717798587736,-0.331177392112095,0.2291913309859734,0.6675823172999755,-1.380720050275808,-1.33170652221635,-2.5445893120159044,2.3742774880548625,-2.9176044103873595,-2.031361053353862,2.2685195580709614,-0.17277063228408568
0.2753810711681998,0.2875526978452216,0.3097137808153916,IIZZ,-2.059842061620204,-0.7797095261530127,1.1425483304888706,2.292191291919057,1.8509803726949572,-0.6511726526725732,-2.7915297738696268,-1.643083348888144,-1.2018444611684451,-1.8463317809500324,1.3990537364150502,-1.3272836752175017,0.29366041314596286
0.2481670290502111,0.2662517834328728,0.2477855241288183,IIZI,-2.059842061620204,-0.7797095261530127,1.1425483304888706,2.292191291919057,1.8509803726949572,-0.6511726526725732,-2.7915297738696268,-1.643083348888144,-1.2018444611684451,-1.8463317809500324,1.3990537364150502,-1.3272836752175017,0.27113396706265075
0.2456749669462274,0.2817921910908,0.2647651392164101,IZIZ,0.3716250993769909,0.8514639278581497,1.2328232195811797,-0.0458265070095142,2.7606481529989715,-2.941624609098054,1.6953670363224154,0.6807388057387569,0.8695130067084715,-1.4826570708058562,2.1687056570709498,-1.4299937820212696,0.27813908958058664
-0.0324508709361325,-0.0303624445956035,-0.0452704376942969,YYYY,0.3716250993769909,0.8514639278581497,1.2328232195811797,-0.0458265070095142,2.7606481529989715,-2.941624609098054,1.6953670363224154,0.6807388057387569,0.8695130067084715,-1.4826570708058562,2.1687056570709498,-1.4299937820212696,-0.03622975852278838
-0.6512463123348972,-0.7559283194011673,-0.7256593594785989,XXYY,-2.059842061620204,-0.7797095261530127,1.1425483304888706,2.292191291919057,1.8509803726949572,-0.6511726526725732,-2.7915297738696268,-1.643083348888144,-1.2018444611684451,-1.8463317809500324,1.3990537364150502,-1.3272836752175017,-0.6965489937331207
0.9987170229854538,0.9896551460237426,0.9747013118655604,IIII,-1.582660010530227,-3.0884586672432537,2.8646563830785245,-1.4908508909385834,-2.85309864135899,-0.8841493019723936,-0.3342852343042097,0.9974087041744024,1.336455018920673,0.5867020696474663,-2.691835367368965,-1.6309641113062892,0.9377286275758453
0.0192472619664704,0.0137779634882966,0.0251826583136954,YYXX,-2.095832792031742,0.5288774336230522,-0.7437444813710088,1.2131630422204926,1.0667579539128085,0.2061531440286268,-1.5731886430356925,-0.5573003845891042,-0.9449059318510802,3.0223240330698937,2.5093399221178965,2.3001090275723897,0.024326147889729966
0.4667112887072776,0.5062477223549741,0.5033712049796664,XXXX,-2.059842061620204,-0.7797095261530127,1.1425483304888706,2.292191291919057,1.8509803726949572,-0.6511726526725732,-2.7915297738696268,-1.643083348888144,-1.2018444611684451,-1.8463317809500324,1.3990537364150502,-1.3272836752175017,0.5248527415762111
0.0469299450096278,0.0681450020587955,0.0577850906344028,IIIZ,-1.582660010530227,-3.0884586672432537,2.8646563830785245,-1.4908508909385834,-2.85309864135899,-0.8841493019723936,-0.3342852343042097,0.9974087041744024,1.336455018920673,0.5867020696474663,-2.691835367368965,-1.6309641113062892,0.05798485588908135
-0.0994082398126342,-0.0876875402262244,-0.1092708714652118,IZZI,3.075194098376952,1.046224270569626,2.9252682325162302,-1.2713757954251663,1.6494160013256831,-2.5318838135777497,-1.2737938693841584,-1.6471768200970078,-0.939113571831426,2.2509686179838644,2.4889893308654143,1.6412237675100512,-0.1084282371522574
0.0371306842595164,0.0480551059877226,-0.000990605914779,ZIZI,-2.095832792031742,0.5288774336230522,-0.7437444813710088,1.2131630422204926,1.0667579539128085,0.2061531440286268,-1.5731886430356925,-0.5573003845891042,-0.9449059318510802,3.0223240330698937,2.5093399221178965,2.3001090275723897,0.03280502929624805
0.1032186141441644,0.1114859158384974,0.1025060713742191,ZZII,-2.095832792031742,0.5288774336230522,-0.7437444813710088,1.2131630422204926,1.0667579539128085,0.2061531440286268,-1.5731886430356925,-0.5573003845891042,-0.9449059318510802,3.0223240330698937,2.5093399221178965,2.3001090275723897,0.10333086607898245
0.4648893202943028,0.487463533957535,0.489886831330527,IZII,-1.5560137322473069,-1.1626717798587736,-0.331177392112095,0.2291913309859734,0.6675823172999755,-1.380720050275808,-1.33170652221635,-2.5445893120159044,2.3742774880548625,-2.9176044103873595,-2.031361053353862,2.2685195580709614,0.5142881645588157
-0.0059250122723121,-0.0232429530407113,0.0009858511821254,XXYY,-1.5560137322473069,-1.1626717798587736,-0.331177392112095,0.2291913309859734,0.6675823172999755,-1.380720050275808,-1.33170652221635,-2.5445893120159044,2.3742774880548625,-2.9176044103873595,-2.031361053353862,2.2685195580709614,-0.010338241763334812
-0.4819424517398196,-0.4731718548028581,-0.4916209585512734,IIZI,-2.095832792031742,0.5288774336230522,-0.7437444813710088,1.2131630422204926,1.0667579539128085,0.2061531440286268,-1.5731886430356925,-0.5573003845891042,-0.9449059318510802,3.0223240330698937,2.5093399221178965,2.3001090275723897,-0.509217956696744
-0.0784239255641252,-0.0650224173226139,-0.0751147172914808,YYYY,-1.5560137322473069,-1.1626717798587736,-0.331177392112095,0.2291913309859734,0.6675823172999755,-1.380720050275808,-1.33170652221635,-2.5445893120159044,2.3742774880548625,-2.9176044103873595,-2.031361053353862,2.2685195580709614,-0.08132748063562328
0.2594952812661525,0.2406792816950241,0.2507591662847263,ZIIZ,0.4732700077498974,-2.81071739362235,-2.7681417115927904,0.0971416817021584,-2.734558229551367,2.0832607753070427,0.4162804542307232,-0.7498400412928841,1.2874551872842277,-0.8111219023108087,2.3004412214582928,-2.66227194252224,0.29312729273955695
0.2754153618849981,0.3000924613275758,0.2798645322665229,IIZZ,-2.059842061620204,-0.7797095261530127,1.1425483304888706,2.292191291919057,1.8509803726949572,-0.6511726526725732,-2.7915297738696268,-1.643083348888144,-1.2018444611684451,-1.8463317809500324,1.3990537364150502,-1.3272836752175017,0.29366041314596286
0.3353943274472815,0.3635932927990673,0.3684893034274778,IZIZ,-2.095832792031742,0.5288774336230522,-0.7437444813710088,1.2131630422204926,1.0667579539128085,0.2061531440286268,-1.5731886430356925,-0.5573003845891042,-0.9449059318510802,3.0223240330698937,2.5093399221178965,2.3001090275723897,0.35958789308531225
-0.0945290657230372,-0.0872996093682722,-0.09692269955138,ZIII,-2.059842061620204,-0.7797095261530127,1.1425483304888706,2.292191291919057,1.8509803726949572,-0.6511726526725732,-2.7915297738696268,-1.643083348888144,-1.2018444611684451,-1.8463317809500324,1.3990537364150502,-1.3272836752175017,-0.10430979000417694
0.2082559653617771,0.2373557074983701,0.2369255519580221,IZZI,-1.5560137322473069,-1.1626717798587736,-0.331177392112095,0.2291913309859734,0.6675823172999755,-1.380720050275808,-1.33170652221635,-2.5445893120159044,2.3742774880548625,-2.9176044103873595,-2.031361053353862,2.2685195580709614,0.22785718663731994
0.812749999240277,0.9366665408512151,0.9093932604322572,YYXX,3.075194098376952,1.046224270569626,2.9252682325162302,-1.2713757954251663,1.6494160013256831,-2.5318838135777497,-1.2737938693841584,-1.6471768200970078,-0.939113571831426,2.2509686179838644,2.4889893308654143,1.6412237675100512,0.9216632511414159
0.5119900317372347,0.528759397366272,0.4892447441962917,IIIZ,-1.5560137322473069,-1.1626717798587736,-0.331177392112095,0.2291913309859734,0.6675823172999755,-1.380720050275808,-1.33170652221635,-2.5445893120159044,2.3742774880548625,-2.9176044103873595,-2.031361053353862,2.2685195580709614,0.5621176532504149
0.3437194635797334,0.4103025102680869,0.371410149746327,XXXX,3.075194098376952,1.046224270569626,2.9252682325162302,-1.2713757954251663,1.6494160013256831,-2.5318838135777497,-1.2737938693841584,-1.6471768200970078,-0.939113571831426,2.2509686179838644,2.4889893308654143,1.6412237675100512,0.3917625501943521
0.5390764808046019,0.6002692780030258,0.5937056222298193,IZII,0.4732700077498974,-2.81071739362235,-2.7681417115927904,0.0971416817021584,-2.734558229551367,2.0832607753070427,0.4162804542307232,-0.7498400412928841,1.2874551872842277,-0.8111219023108087,2.3004412214582928,-2.66227194252224,0.5848558928336037
0.0196593166752128,0.0048148018229175,0.0229398133099424,ZIZI,3.075194098376952,1.046224270569626,2.9252682325162302,-1.2713757954251663,1.6494160013256831,-2.5318838135777497,-1.2737938693841584,-1.6471768200970078,-0.939113571831426,2.2509686179838644,2.4889893308654143,1.6412237675100512,0.022582039087826536
-0.7325870682770745,-0.8213986927952163,-0.775341083084668,ZZII,0.6239124390487572,2.1096774847080635,0.9778668926761078,1.756786069616853,-0.0396077036847208,-2.193877561437719,-1.7640392935316995,2.7722210931341262,1.1162472855881855,-2.554027552969462,-0.2553043899426357,-1.395323195280978,-0.8208001815826721
0.9924292172048536,0.9981510026186864,0.9936940146297006,IIII,-2.095832792031742,0.5288774336230522,-0.7437444813710088,1.2131630422204926,1.0667579539128085,0.2061531440286268,-1.5731886430356925,-0.5573003845891042,-0.9449059318510802,3.0223240330698937,2.5093399221178965,2.3001090275723897,0.9341793771405069
-0.1050043346867626,-0.0776247675288859,-0.0829155596624313,ZIII,0.4732700077498974,-2.81071739362235,-2.7681417115927904,0.0971416817021584,-2.734558229551367,2.0832607753070427,0.4162804542307232,-0.7498400412928841,1.2874551872842277,-0.8111219023108087,2.3004412214582928,-2.66227194252224,-0.11056946014717406
-0.4687096343584311,-0.4808088700105802,-0.4795128685603472,IIZI,-2.095832792031742,0.5288774336230522,-0.7437444813710088,1.2131630422204926,1.0667579539128085,0.2061531440286268,-1.5731886430356925,-0.5573003845891042,-0.9449059318510802,3.0223240330698937,2.5093399221178965,2.3001090275723897,-0.5059150506259772
-0.4747425689513881,-0.5155449211417964,-0.5058277577929876,IIZZ,3.075194098376952,1.046224270569626,2.9252682325162302,-1.2713757954251663,1.6494160013256831,-2.5318838135777497,-1.2737938693841584,-1.6471768200970078,-0.939113571831426,2.2509686179838644,2.4889893308654143,1.6412237675100512,-0.5195496694196088
-0.0939624378441219,-0.0819860523098372,-0.0789564146859815,YYYY,0.4732700077498974,-2.81071739362235,-2.7681417115927904,0.0971416817021584,-2.734558229551367,2.0832607753070427,0.4162804542307232,-0.7498400412928841,1.2874551872842277,-0.8111219023108087,2.3004412214582928,-2.66227194252224,-0.10281756596415212
0.1507159355603054,0.1723233643090268,0.1434442328209079,IZIZ,3.075194098376952,1.046224270569626,2.9252682325162302,-1.2713757954251663,1.6494160013256831,-2.5318838135777497,-1.2737938693841584,-1.6471768200970078,-0.939113571831426,2.2509686179838644,2.4889893308654143,1.6412237675100512,0.1586412579835859
0.5653746756029843,0.6127583437886946,0.6009203267088623,XXYY,-2.0344957168899684,-0.1704251633166289,-0.7102298429623426,1.558961969723656,-0.3715235297663879,-1.8348669239371984,1.397042207081073,-0.1322582412715096,0.5478824011331556,-1.2454343687078937,0.2340383106017065,-2.9678469021990117,0.6144036056028533
-0.1749147906362781,-0.2385163002878721,-0.2361100653751235,YYXX,-1.5560137322473069,-1.1626717798587736,-0.331177392112095,0.2291913309859734,0.6675823172999755,-1.380720050275808,-1.33170652221635,-2.5445893120159044,2.3742774880548625,-2.9176044103873595,-2.031361053353862,2.2685195580709614,-0.1898290020410705
0.2115586887484655,0.2468917400407891,0.2284969406069829,IZZI,-1.5560137322473069,-1.1626717798587736,-0.331177392112095,0.2291913309859734,0.6675823172999755,-1.380720050275808,-1.33170652221635,-2.5445893120159044,2.3742774880548625,-2.9176044103873595,-2.031361053353862,2.2685195580709614,0.2338747887994023
-0.5502566148745859,-0.5773913954208876,-0.6112691199235895,ZIIZ,0.6239124390487572,2.1096774847080635,0.9778668926761078,1.756786069616853,-0.0396077036847208,-2.193877561437719,-1.7640392935316995,2.7722210931341262,1.1162472855881855,-2.554027552969462,-0.2553043899426357,-1.395323195280978,-0.6308036487834675
-0.0656246746823435,-0.0909071051192401,-0.0913506273501898,ZIZI,0.4732700077498974,-2.81071739362235,-2.7681417115927904,0.0971416817021584,-2.734558229551367,2.0832607753070427,0.4162804542307232,-0.7498400412928841,1.2874551872842277,-0.8111219023108087,2.3004412214582928,-2.66227194252224,-0.06670502804460092
0.9979639874118263,0.9857912589441108,1.0191226546957846,IIII,0.4732700077498974,-2.81071739362235,-2.7681417115927904,0.0971416817021584,-2.734558229551367,2.0832607753070427,0.4162804542307232,-0.7498400412928841,1.2874551872842277,-0.8111219023108087,2.3004412214582928,-2.66227194252224,0.9380198761102164
-0.1058734932317496,-0.0962126808734199,-0.1039773533899771,XXXX,0.6239124390487572,2.1096774847080635,0.9778668926761078,1.756786069616853,-0.0396077036847208,-2.193877561437719,-1.7640392935316995,2.7722210931341262,1.1162472855881855,-2.554027552969462,-0.2553043899426357,-1.395323195280978,-0.11454111089846002
0.1777815547403445,0.1957117743686765,0.1955425732027117,IZII,-2.0344957168899684,-0.1704251633166289,-0.7102298429623426,1.558961969723656,-0.3715235297663879,-1.8348669239371984,1.397042207081073,-0.1322582412715096,0.5478824011331556,-1.2454343687078937,0.2340383106017065,-2.9678469021990117,0.21331403073561486
-0.0154279468804984,-0.0281564164240548,-0.0237589552947068,ZIIZ,-2.0344957168899684,-0.1704251633166289,-0.7102298429623426,1.558961969723656,-0.3715235297663879,-1.8348669239371984,1.397042207081073,-0.1322582412715096,0.5478824011331556,-1.2454343687078937,0.2340383106017065,-2.9678469021990117,0.004315897439042619
-0.7123106434070046,-0.8185034132836567,-0.8102590794672861,ZZII,0.6239124390487572,2.1096774847080635,0.9778668926761078,1.756786069616853,-0.0396077036847208,-2.193877561437719,-1.7640392935316995,2.7722210931341262,1.1162472855881855,-2.554027552969462,-0.2553043899426357,-1.395323195280978,-0.8119633617943558
0.7416931692750204,0.7822744507177393,0.7655566796111347,IIIZ,-2.101938515202498,-2.7996298883493504,-2.266741093745816,2.412630116566989,0.6787997050956811,2.696546783014262,0.198640716354435,1.242702091202914,1.845636217837046,1.385754253680247,0.8461134187449968,2.706177494737118,0.8149802158426227
0.2269719009498942,0.2637129516235109,0.2510617886113438,IIZI,3.075194098376952,1.046224270569626,2.9252682325162302,-1.2713757954251663,1.6494160013256831,-2.5318838135777497,-1.2737938693841584,-1.6471768200970078,-0.939113571831426,2.2509686179838644,2.4889893308654143,1.6412237675100512,0.2617472409646953
-0.4912487870401609,-0.520820744901897,-0.511543466816714,IIZZ,3.075194098376952,1.046224270569626,2.9252682325162302,-1.2713757954251663,1.6494160013256831,-2.5318838135777497,-1.2737938693841584,-1.6471768200970078,-0.939113571831426,2.2509686179838644,2.4889893308654143,1.6412237675100512,-0.5488602935007931
0.0008772302586023,-0.0066575929654771,-0.0180062482502044,YYXX,-2.0344957168899684,-0.1704251633166289,-0.7102298429623426,1.558961969723656,-0.3715235297663879,-1.8348669239371984,1.397042207081073,-0.1322582412715096,0.5478824011331556,-1.2454343687078937,0.2340383106017065,-2.9678469021990117,0.0007814049550494551
-0.8930050412773337,-0.9419178271673444,-0.9304392360940372,ZIII,0.6239124390487572,2.1096774847080635,0.9778668926761078,1.756786069616853,-0.0396077036847208,-2.193877561437719,-1.7640392935316995,2.7722210931341262,1.1162472855881855,-2.554027552969462,-0.2553043899426357,-1.395323195280978,-0.893916379571531
0.6252090656632405,0.7068923090896803,0.672685476788655,IZIZ,0.6239124390487572,2.1096774847080635,0.9778668926761078,1.756786069616853,-0.0396077036847208,-2.193877561437719,-1.7640392935316995,2.7722210931341262,1.1162472855881855,-2.554027552969462,-0.2553043899426357,-1.395323195280978,0.6934298004757907
-0.1399903582342881,-0.113011797683289,-0.1183923619374012,XXXX,-1.173616694113939,0.8137796768111039,2.927835654759092,3.1040113943681886,-1.0563894288397324,-2.050183500026604,-1.0951673188604651,1.136735331239735,-0.4765481179875732,0.0921724443916933,-1.5091538106233844,-1.225497305802468,-0.15341787910538393
-0.4920669533138617,-0.5303039835828227,-0.5388478985087923,IZZI,0.4732700077498974,-2.81071739362235,-2.7681417115927904,0.0971416817021584,-2.734558229551367,2.0832607753070427,0.4162804542307232,-0.7498400412928841,1.2874551872842277,-0.8111219023108087,2.3004412214582928,-2.66227194252224,-0.5577925652980926
-0.1710971827939963,-0.2263284675908709,-0.2153057212196525,YYYY,-2.101938515202498,-2.7996298883493504,-2.266741093745816,2.412630116566989,0.6787997050956811,2.696546783014262,0.198640716354435,1.242702091202914,1.845636217837046,1.385754253680247,0.8461134187449968,2.706177494737118,-0.20297547251789413
0.1524486139423426,0.1577077579071245,0.1534245407801233,XXYY,-2.101938515202498,-2.7996298883493504,-2.266741093745816,2.412630116566989,0.6787997050956811,2.696546783014262,0.198640716354435,1.242702091202914,1.845636217837046,1.385754253680247,0.8461134187449968,2.706177494737118,0.1641669055939482
-0.093241611292301,-0.0820732680389145,-0.0649715375268158,ZIZI,0.4732700077498974,-2.81071739362235,-2.7681417115927904,0.0971416817021584,-2.734558229551367,2.0832607753070427,0.4162804542307232,-0.7498400412928841,1.2874551872842277,-0.8111219023108087,2.3004412214582928,-2.66227194252224,-0.10185826589424436
0.9877092845625448,0.9948275896568805,1.014865521662621,IIII,-2.0344957168899684,-0.1704251633166289,-0.7102298429623426,1.558961969723656,-0.3715235297663879,-1.8348669239371984,1.397042207081073,-0.1322582412715096,0.5478824011331556,-1.2454343687078937,0.2340383106017065,-2.9678469021990117,0.9376924505102123
-0.3842467373507068,-0.3985714206670854,-0.451196163146895,IIIZ,-2.0344957168899684,-0.1704251633166289,-0.7102298429623426,1.558961969723656,-0.3715235297663879,-1.8348669239371984,1.397042207081073,-0.1322582412715096,0.5478824011331556,-1.2454343687078937,0.2340383106017065,-2.9678469021990117,-0.42340171249835296
0.127800731750872,0.1383047687693884,0.1377353047100758,IIZI,-0.9481379160703018,0.1985702520731713,-1.5607405643952983,2.575122526895031,-2.747842701751701,-2.310688417905263,0.0109958158400806,-0.1175038757981683,-2.310271874857585,-1.5951454269174836,-1.8153132986359628,-1.6077644941961933,0.13883642700459276
0.7851161412844399,0.8486461814871303,0.8530196876228228,IZII,-1.173616694113939,0.8137796768111039,2.927835654759092,3.1040113943681886,-1.0563894288397324,-2.050183500026604,-1.0951673188604651,1.136735331239735,-0.4765481179875732,0.0921724443916933,-1.5091538106233844,-1.225497305802468,0.8815644397433373
-0.0049222096819872,-0.0155710877371887,-0.0219263852579794,IZIZ,-1.173616694113939,0.8137796768111039,2.927835654759092,3.1040113943681886,-1.0563894288397324,-2.050183500026604,-1.0951673188604651,1.136735331239735,-0.4765481179875732,0.0921724443916933,-1.5091538106233844,-1.225497305802468,-0.002580217214112121
0.6753767200022801,0.7496670429741212,0.7288537687492606,ZZII,-2.101938515202498,-2.7996298883493504,-2.266741093745816,2.412630116566989,0.6787997050956811,2.696546783014262,0.198640716354435,1.242702091202914,1.845636217837046,1.385754253680247,0.8461134187449968,2.706177494737118,0.7470650779532041
0.0188638616213442,0.0239291853809479,0.0528781655451028,XXXX,-0.9481379160703018,0.1985702520731713,-1.5607405643952983,2.575122526895031,-2.747842701751701,-2.310688417905263,0.0109958158400806,-0.1175038757981683,-2.310271874857585,-1.5951454269174836,-1.8153132986359628,-1.6077644941961933,0.020798257391133536
0.0056800785960066,0.0232277687752955,0.0156387277817381,YYXX,-0.9481379160703018,0.1985702520731713,-1.5607405643952983,2.575122526895031,-2.747842701751701,-2.310688417905263,0.0109958158400806,-0.1175038757981683,-2.310271874857585,-1.5951454269174836,-1.8153132986359628,-1.6077644941961933,0.004507382339962862
-0.333026612538057,-0.339329458150728,-0.3294851747300146,IIZZ,0.6239124390487572,2.1096774847080635,0.9778668926761078,1.756786069616853,-0.0396077036847208,-2.193877561437719,-1.7640392935316995,2.7722210931341262,1.1162472855881855,-2.554027552969462,-0.2553043899426357,-1.395323195280978,-0.36646423460565636
-0.2342214091027796,-0.2819082673086383,-0.27122926995941,IZZI,-1.173616694113939,0.8137796768111039,2.927835654759092,3.1040113943681886,-1.0563894288397324,-2.050183500026604,-1.0951673188604651,1.136735331239735,-0.4765481179875732,0.0921724443916933,-1.5091538106233844,-1.225497305802468,-0.2563422215720269
0.1005049710460298,0.1058260571384487,0.110742023860549,ZIIZ,-2.101938515202498,-2.7996298883493504,-2.266741093745816,2.412630116566989,0.6787997050956811,2.696546783014262,0.198640716354435,1.242702091202914,1.845636217837046,1.385754253680247,0.8461134187449968,2.706177494737118,0.09521904081460958
-0.8831331706725793,-0.938128689359963,-0.9414881049537054,ZIII,0.6239124390487572,2.1096774847080635,0.9778668926761078,1.756786069616853,-0.0396077036847208,-2.193877561437719,-1.7640392935316995,2.7722210931341262,1.1162472855881855,-2.554027552969462,-0.2553043899426357,-1.395323195280978,-0.893916379571531
-0.2311669936721433,-0.2807751134955617,-0.2886391010362085,XXYY,-0.9716635426670704,-2.8369324704322647,1.709591353763097,0.0776499832714745,-1.2882826108370846,1.083811680368437,-2.936549141367001,2.447949276860246,-3.020307019393334,1.7115297905445148,1.3369581681450171,2.0206846541284262,-0.2540910131782883
-0.18440690653315,-0.1980754537739816,-0.2055486965472969,YYYY,-2.101938515202498,-2.7996298883493504,-2.266741093745816,2.412630116566989,0.6787997050956811,2.696546783014262,0.198640716354435,1.242702091202914,1.845636217837046,1.385754253680247,0.8461134187449968,2.706177494737118,-0.2073242358366431
0.9888005794930282,0.9995350699746354,0.996527046119578,IIII,-2.0344957168899684,-0.1704251633166289,-0.7102298429623426,1.558961969723656,-0.3715235297663879,-1.8348669239371984,1.397042207081073,-0.1322582412715096,0.5478824011331556,-1.2454343687078937,0.2340383106017065,-2.9678469021990117,0.9376924505102123
0.9340420110040424,0.9702151046413172,0.9855204259890318,IIIZ,-0.9481379160703018,0.1985702520731713,-1.5607405643952983,2.575122526895031,-2.747842701751701,-2.310688417905263,0.0109958158400806,-0.1175038757981683,-2.310271874857585,-1.5951454269174836,-1.8153132986359628,-1.6077644941961933,0.9393692221487093
-0.297933708342428,-0.3539710437293628,-0.3443832961816588,ZIZI,-0.9716635426670704,-2.8369324704322647,1.709591353763097,0.0776499832714745,-1.2882826108370846,1.083811680368437,-2.936549141367001,2.447949276860246,-3.020307019393334,1.7115297905445148,1.3369581681450171,2.0206846541284262,-0.3336554428362936
-0.1899156058681229,-0.2069906733670197,-0.2057356839958779,IIZI,-1.173616694113939,0.8137796768111039,2.927835654759092,3.1040113943681886,-1.0563894288397324,-2.050183500026604,-1.0951673188604651,1.136735331239735,-0.4765481179875732,0.0921724443916933,-1.5091538106233844,-1.225497305802468,-0.20823168630767364
0.3552505270039006,0.4211275298752168,0.3852649664721944,IIZZ,-2.0344957168899684,-0.1704251633166289,-0.7102298429623426,1.558961969723656,-0.3715235297663879,-1.8348669239371984,1.397042207081073,-0.1322582412715096,0.5478824011331556,-1.2454343687078937,0.2340383106017065,-2.9678469021990117,0.39028572116863797
-0.4395011279370368,-0.4916499780202356,-0.4976012254869738,IZII,3.04529877050933,-0.7208308925561364,1.1256620675040567,1.472003101052767,-0.4888506466272111,0.3408290082369518,0.7960168263401717,-0.5745519968517483,0.3029975251871546,-1.221452796050785,1.1409857474872842,-2.538598438998144,-0.47900978465533045
-0.010182541776253,-0.0282638341297057,-0.0061214259701203,IZIZ,-1.173616694113939,0.8137796768111039,2.927835654759092,3.1040113943681886,-1.0563894288397324,-2.050183500026604,-1.0951673188604651,1.136735331239735,-0.4765481179875732,0.0921724443916933,-1.5091538106233844,-1.225497305802468,-0.0019805178542822064
-0.1092221913474852,-0.1102110028991301,-0.1376107236524942,YYYY,3.04529877050933,-0.7208308925561364,1.1256620675040567,1.472003101052767,-0.4888506466272111,0.3408290082369518,0.7960168263401717,-0.5745519968517483,0.3029975251871546,-1.221452796050785,1.1409857474872842,-2.538598438998144,-0.11345705517462487
0.2821124462735339,0.2925491832116106,0.3191763623465121,ZZII,-0.9716635426670704,-2.8369324704322647,1.709591353763097,0.0776499832714745,-1.2882826108370846,1.083811680368437,-2.936549141367001,2.447949276860246,-3.020307019393334,1.7115297905445148,1.3369581681450171,2.0206846541284262,0.31040081358815036
-0.020989637830648,-0.0126022056160375,-0.0496251538856305,XXYY,-0.9481379160703018,0.1985702520731713,-1.5607405643952983,2.575122526895031,-2.747842701751701,-2.310688417905263,0.0109958158400806,-0.1175038757981683,-2.310271874857585,-1.5951454269174836,-1.8153132986359628,-1.6077644941961933,-0.022520142344001185
-0.1136136610605099,-0.1168107291348634,-0.1445132954718823,IZZI,-0.9481379160703018,0.1985702520731713,-1.5607405643952983,2.575122526895031,-2.747842701751701,-2.310688417905263,0.0109958158400806,-0.1175038757981683,-2.310271874857585,-1.5951454269174836,-1.8153132986359628,-1.6077644941961933,-0.1356996254582571
-0.0413683799268736,-0.0509045872975609,-0.0397313390044071,ZIII,-2.101938515202498,-2.7996298883493504,-2.266741093745816,2.412630116566989,0.6787997050956811,2.696546783014262,0.198640716354435,1.242702091202914,1.845636217837046,1.385754253680247,0.8461134187449968,2.706177494737118,-0.04901322798928712
-0.0263007154187584,-0.0157702430505668,-0.0147918214652529,ZIIZ,-0.9716635426670704,-2.8369324704322647,1.709591353763097,0.0776499832714745,-1.2882826108370846,1.083811680368437,-2.936549141367001,2.447949276860246,-3.020307019393334,1.7115297905445148,1.3369581681450171,2.0206846541284262,-0.025924747429170943
-0.4257608483236608,-0.4541285634110284,-0.480141981528087,ZZII,3.04529877050933,-0.7208308925561364,1.1256620675040567,1.472003101052767,-0.4888506466272111,0.3408290082369518,0.7960168263401717,-0.5745519968517483,0.3029975251871546,-1.221452796050785,1.1409857474872842,-2.538598438998144,-0.4597315605278252
0.2307083392613473,0.2913335194703509,0.3085962755872571,YYXX,-2.101938515202498,-2.7996298883493504,-2.266741093745816,2.412630116566989,0.6787997050956811,2.696546783014262,0.198640716354435,1.242702091202914,1.845636217837046,1.385754253680247,0.8461134187449968,2.706177494737118,0.26031973206458153
-0.0465020415919386,-0.0404640357564644,-0.0443472114488359,XXXX,1.4788207856715037,0.2731135971774598,1.5890614595110346,-0.588479036158339,0.3311406020602181,2.754154925772375,1.0287163501004404,-3.056988973747921,2.562757200295332,-1.7531038231153957,2.8231826189746805,3.002017534612404,-0.05099351290433939
-0.1233295413470475,-0.1185323659790494,-0.1383259714731309,ZIZI,1.4788207856715037,0.2731135971774598,1.5890614595110346,-0.588479036158339,0.3311406020602181,2.754154925772375,1.0287163501004404,-3.056988973747921,2.562757200295332,-1.7531038231153957,2.8231826189746805,3.002017534612404,-0.1401387800803876
0.17004557750992,0.1959865296607064,0.2091065813991312,IIZZ,3.04529877050933,-0.7208308925561364,1.1256620675040567,1.472003101052767,-0.4888506466272111,0.3408290082369518,0.7960168263401717,-0.5745519968517483,0.3029975251871546,-1.221452796050785,1.1409857474872842,-2.538598438998144,0.17335719615704556
-0.1982310074449223,-0.1888594259226123,-0.1924876955056898,IIZI,-1.173616694113939,0.8137796768111039,2.927835654759092,3.1040113943681886,-1.0563894288397324,-2.050183500026604,-1.0951673188604651,1.136735331239735,-0.4765481179875732,0.0921724443916933,-1.5091538106233844,-1.225497305802468,-0.21507116698773615
-0.0113111392792437,-0.0243206777637696,0.0012921543919132,IZIZ,-1.173616694113939,0.8137796768111039,2.927835654759092,3.1040113943681886,-1.0563894288397324,-2.050183500026604,-1.0951673188604651,1.136735331239735,-0.4765481179875732,0.0921724443916933,-1.5091538106233844,-1.225497305802468,-0.0019805178542822064
1.0087326677424295,0.994427898928944,1.0091715758537725,IIII,-0.9716635426670704,-2.8369324704322647,1.709591353763097,0.0776499832714745,-1.2882826108370846,1.083811680368437,-2.936549141367001,2.447949276860246,-3.020307019393334,1.7115297905445148,1.3369581681450171,2.0206846541284262,0.933296219824762
-0.3071875031915749,-0.2915476080104454,-0.3026607270561326,IIIZ,-0.9716635426670704,-2.8369324704322647,1.709591353763097,0.0776499832714745,-1.2882826108370846,1.083811680368437,-2.936549141367001,2.447949276860246,-3.020307019393334,1.7115297905445148,1.3369581681450171,2.0206846541284262,-0.3373949074128852
-0.0306801076163423,-0.0312740721938282,-0.040778339047011,XXYY,-0.9481379160703018,0.1985702520731713,-1.5607405643952983,2.575122526895031,-2.747842701751701,-2.310688417905263,0.0109958158400806,-0.1175038757981683,-2.310271874857585,-1.5951454269174836,-1.8153132986359628,-1.6077644941961933,-0.026178548294101923
0.0197291468500221,0.0254099915502403,0.0440188003606911,YYXX,-0.9481379160703018,0.1985702520731713,-1.5607405643952983,2.575122526895031,-2.747842701751701,-2.310688417905263,0.0109958158400806,-0.1175038757981683,-2.310271874857585,-1.5951454269174836,-1.8153132986359628,-1.6077644941961933,0.02084777847735654
0.4508442005150643,0.5078516531444753,0.4906431395971157,IZII,1.4788207856715037,0.2731135971774598,1.5890614595110346,-0.588479036158339,0.3311406020602181,2.754154925772375,1.0287163501004404,-3.056988973747921,2.562757200295332,-1.7531038231153957,2.8231826189746805,3.002017534612404,0.48231508071308776
0.1637206029919642,0.2064875377879618,0.1857103944315755,XXXX,3.04529877050933,-0.7208308925561364,1.1256620675040567,1.472003101052767,-0.4888506466272111,0.3408290082369518,0.7960168263401717,-0.5745519968517483,0.3029975251871546,-1.221452796050785,1.1409857474872842,-2.538598438998144,0.17286087517580723
0.5114783653229695,0.5688823866816943,0.583615567548871,IZZI,3.04529877050933,-0.7208308925561364,1.1256620675040567,1.472003101052767,-0.4888506466272111,0.3408290082369518,0.7960168263401717,-0.5745519968517483,0.3029975251871546,-1.221452796050785,1.1409857474872842,-2.538598438998144,0.5646642977989363
-0.749569134972216,-0.792333368644525,-0.794948449655724,ZIII,1.888119620838829,-2.8754059026489043,-0.0900029380412439,1.8414211929328024,-2.971155093584322,-0.8361722734260963,-1.2879463315705535,-2.8435986275234377,0.8008332896519388,1.4806997151456276,2.665943207335032,-2.1312164740095274,-0.8187499738621749
0.0323429472489363,0.0310429577364116,0.0579355036622121,YYYY,1.4788207856715037,0.2731135971774598,1.5890614595110346,-0.588479036158339,0.3311406020602181,2.754154925772375,1.0287163501004404,-3.056988973747921,2.562757200295332,-1.7531038231153957,2.8231826189746805,3.002017534612404,0.03457684123483031
-0.2129108870274001,-0.2345426125950876,-0.2252748702730596,ZIIZ,1.888119620838829,-2.8754059026489043,-0.0900029380412439,1.8414211929328024,-2.971155093584322,-0.8361722734260963,-1.2879463315705535,-2.8435986275234377,0.8008332896519388,1.4806997151456276,2.665943207335032,-2.1312164740095274,-0.23893161589691075
-0.3034900694359395,-0.3247427916862358,-0.313711913150258,ZIZI,-0.9716635426670704,-2.8369324704322647,1.709591353763097,0.0776499832714745,-1.2882826108370846,1.083811680368437,-2.936549141367001,2.447949276860246,-3.020307019393334,1.7115297905445148,1.3369581681450171,2.0206846541284262,-0.33652858890977
0.9930711312396906,0.9966561667082516,0.9940669877355462,IIII,1.888119620838829,-2.8754059026489043,-0.0900029380412439,1.8414211929328024,-2.971155093584322,-0.8361722734260963,-1.2879463315705535,-2.8435986275234377,0.8008332896519388,1.4806997151456276,2.665943207335032,-2.1312164740095274,0.9339810642016002
0.0238153716907528,0.0191410077669214,0.0126232466579577,IIZZ,-1.8889749831647733,2.1923986844711285,0.2028192299870594,-0.2681863060107297,0.4737681992520706,1.967351722481511,2.929556864297292,1.7037808863966788,2.1351745904864705,0.0678930001831523,-2.6683022178910667,2.771089836809054,0.024071466788512918
0.1671594734185585,0.1873312134255692,0.1554421528311722,IZIZ,-1.8889749831647733,2.1923986844711285,0.2028192299870594,-0.2681863060107297,0.4737681992520706,1.967351722481511,2.929556864297292,1.7037808863966788,2.1351745904864705,0.0678930001831523,-2.6683022178910667,2.771089836809054,0.17152124169985375
0.2523212367890156,0.3046863009509284,0.2695692480544627,ZZII,-0.9716635426670704,-2.8369324704322647,1.709591353763097,0.0776499832714745,-1.2882826108370846,1.083811680368437,-2.936549141367001,2.447949276860246,-3.020307019393334,1.7115297905445148,1.3369581681450171,2.0206846541284262,0.2810613084949121
0.6199136113567228,0.6809202784809897,0.7059893978810142,ZIII,3.04529877050933,-0.7208308925561364,1.1256620675040567,1.472003101052767,-0.4888506466272111,0.3408290082369518,0.7960168263401717,-0.5745519968517483,0.3029975251871546,-1.221452796050785,1.1409857474872842,-2.538598438998144,0.6801808443170091
0.3805668458475378,0.4127680080788539,0.4472052526346118,IIIZ,1.4788207856715037,0.2731135971774598,1.5890614595110346,-0.588479036158339,0.3311406020602181,2.754154925772375,1.0287163501004404,-3.056988973747921,2.562757200295332,-1.7531038231153957,2.8231826189746805,3.002017534612404,0.40339024692017683
-0.2492109227580358,-0.2538367682860534,-0.258810887488011,ZIIZ,-1.8889749831647733,2.1923986844711285,0.2028192299870594,-0.2681863060107297,0.4737681992520706,1.967351722481511,2.929556864297292,1.7037808863966788,2.1351745904864705,0.0678930001831523,-2.6683022178910667,2.771089836809054,-0.2635867347831559
-0.1496835637799018,-0.1579233355011729,-0.1540338715713424,IZII,1.888119620838829,-2.8754059026489043,-0.0900029380412439,1.8414211929328024,-2.971155093584322,-0.8361722734260963,-1.2879463315705535,-2.8435986275234377,0.8008332896519388,1.4806997151456276,2.665943207335032,-2.1312164740095274,-0.1538681950866586
0.1773294750481739,0.1856157539134015,0.1757043865586982,IIZI,1.4788207856715037,0.2731135971774598,1.5890614595110346,-0.588479036158339,0.3311406020602181,2.754154925772375,1.0287163501004404,-3.056988973747921,2.562757200295332,-1.7531038231153957,2.8231826189746805,3.002017534612404,0.21352865328038897
-0.0849724344366065,-0.0729310120009057,-0.1074636908857951,YYXX,3.04529877050933,-0.7208308925561364,1.1256620675040567,1.472003101052767,-0.4888506466272111,0.3408290082369518,0.7960168263401717,-0.5745519968517483,0.3029975251871546,-1.221452796050785,1.1409857474872842,-2.538598438998144,-0.09959446453648528
0.1946954284162786,0.1928258012472612,0.1887707602856976,ZZII,-1.8889749831647733,2.1923986844711285,0.2028192299870594,-0.2681863060107297,0.4737681992520706,1.967351722481511,2.929556864297292,1.7037808863966788,2.1351745904864705,0.0678930001831523,-2.6683022178910667,2.771089836809054,0.2146192474151476
0.7271280364837359,0.8161264519089229,0.7957481826146089,YYYY,-2.744250272941048,-1.7963369150147472,1.9960388123963144,-1.3256012420521055,-1.1710300641462572,0.9400706719633528,0.264190411857379,1.5227192112849828,2.46537898333281,-0.6983443813711885,0.5371044170916828,-1.881021850498081,0.7968325963325376
-0.1917719186305605,-0.2089282501104079,-0.2207856133648052,XXYY,-2.744250272941048,-1.7963369150147472,1.9960388123963144,-1.3256012420521055,-1.1710300641462572,0.9400706719633528,0.264190411857379,1.5227192112849828,2.46537898333281,-0.6983443813711885,0.5371044170916828,-1.881021850498081,-0.20712637525179667
-0.0136376434053713,-0.0473638727680994,-0.0405985687278451,XXXX,1.4788207856715037,0.2731135971774598,1.5890614595110346,-0.588479036158339,0.3311406020602181,2.754154925772375,1.0287163501004404,-3.056988973747921,2.562757200295332,-1.7531038231153957,2.8231826189746805,3.002017534612404,0.00042334614475229653
-0.0550436099904958,-0.0596098320346909,-0.053249453911524,ZIZI,-2.744250272941048,-1.7963369150147472,1.9960388123963144,-1.3256012420521055,-1.1710300641462572,0.9400706719633528,0.264190411857379,1.5227192112849828,2.46537898333281,-0.6983443813711885,0.5371044170916828,-1.881021850498081,-0.05903720562906354
0.1262413910451267,0.113717540095377,0.1144394132918668,IZZI,1.888119620838829,-2.8754059026489043,-0.0900029380412439,1.8414211929328024,-2.971155093584322,-0.8361722734260963,-1.2879463315705535,-2.8435986275234377,0.8008332896519388,1.4806997151456276,2.665943207335032,-2.1312164740095274,0.14439834989874056
1.0223610029407957,0.9871483716230424,1.0029038053157344,IIII,1.888119620838829,-2.8754059026489043,-0.0900029380412439,1.8414211929328024,-2.971155093584322,-0.8361722734260963,-1.2879463315705535,-2.8435986275234377,0.8008332896519388,1.4806997151456276,2.665943207335032,-2.1312164740095274,0.9339810642016002
-0.5127765565068971,-0.5064029457524584,-0.5025981985014267,IIZZ,-1.3708873326947704,1.7474722325384846,-1.2613894939635786,1.32078692558669,2.7972311482604484,1.6147231313895167,-1.8466764028988132,-0.4344371195982903,-0.5579042662402975,-2.552870119699451,2.8414768979894216,-1.589313313244903,-0.5531156647454678
0.3929734772581286,0.3857707991982597,0.4316394393155335,IIIZ,1.4788207856715037,0.2731135971774598,1.5890614595110346,-0.588479036158339,0.3311406020602181,2.754154925772375,1.0287163501004404,-3.056988973747921,2.562757200295332,-1.7531038231153957,2.8231826189746805,3.002017534612404,0.42559210670119024
0.0138461472799411,0.0179553728539798,0.0075695032153194,IZII,-1.3708873326947704,1.7474722325384846,-1.2613894939635786,1.32078692558669,2.7972311482604484,1.6147231313895167,-1.8466764028988132,-0.4344371195982903,-0.5579042662402975,-2.552870119699451,2.8414768979894216,-1.589313313244903,0.024748091875718296
0.1489000988473382,0.166230274343105,0.1449335364026956,IIZI,-2.744250272941048,-1.7963369150147472,1.9960388123963144,-1.3256012420521055,-1.1710300641462572,0.9400706719633528,0.264190411857379,1.5227192112849828,2.46537898333281,-0.6983443813711885,0.5371044170916828,-1.881021850498081,0.15635302112825925
